0.0 1.1197919
0.001 0.9896624490040407
0.002 0.9344920082123898
0.0029999999999999996 0.8918192273025649
0.004 0.8554479116147756
0.005 0.8231767885081854
0.005999999999999999 0.7937818512993929
0.007 0.7665696090528447
0.008 0.7410752549665789
0.009 0.7169817965799897
0.01 0.6940577423932529
0.011 0.6722889019459519
0.011999999999999999 0.651827661352866
0.013000000000000001 0.632721644236951
0.014 0.6149285339015076
0.015000000000000001 0.5983597416163484
0.016 0.5829083848885719
0.017 0.5684658029062445
0.018 0.5549293632364559
0.019000000000000003 0.542205693583011
0.02 0.5302116795426912
0.021 0.5188741161028835
0.022 0.5081287413430458
0.023 0.4979195285141291
0.023999999999999997 0.48819532951165506
0.025 0.4789090743076104
0.026000000000000002 0.4700201602628471
0.027 0.46149389991764456
0.028 0.4533002892665041
0.028999999999999998 0.44541320267882095
0.030000000000000002 0.4378097232014798
0.031 0.43046960331543427
0.032 0.4233748725537202
0.033 0.41650961736441167
0.034 0.4098603267972185
0.035 0.4034151915490907
0.036 0.3971633967498769
0.037 0.3910950326114977
0.038000000000000006 0.3852010440718578
0.039 0.37947306342982734
0.04 0.37390317288396435
0.040999999999999995 0.3684844569956096
0.042 0.3632107130475766
0.043000000000000003 0.3580731596672417
0.044 0.3530610998332222
0.045000000000000005 0.3481624177379549
0.046 0.3433660872915484
0.047 0.3386628037726529
0.047999999999999994 0.3340442791293593
0.049 0.3295028301130686
0.05 0.3250317401961562
0.051 0.32062480730550214
0.052000000000000005 0.3162759601492597
0.053 0.3119800887762164
0.054 0.3077343537811608
0.055 0.30353726346782445
0.056 0.2993885115412808
0.057 0.2952880189821863
0.057999999999999996 0.29123537055718507
0.059000000000000004 0.2872301228409539
0.060000000000000005 0.28327189552429527
0.061 0.27936032012696865
0.062 0.2754950311083729
0.063 0.2716756172805505
0.064 0.2679015570144394
0.065 0.2641724419063092
0.066 0.2604882659511466
0.067 0.25684876849264016
0.068 0.2532522718874965
0.06899999999999999 0.2496972740725612
0.07 0.24618767234707223
0.071 0.24273061393697717
0.072 0.23934149080386685
0.07300000000000001 0.2360427292163006
0.074 0.23285264642819445
0.075 0.2297841513441654
0.07600000000000001 0.2268477287139764
0.077 0.22405083171952672
0.078 0.2213992342525594
0.079 0.2188946410686361
0.08 0.2165352922344631
0.081 0.21432205663624487
0.08199999999999999 0.21226067538437915
0.083 0.2103584409300728
0.084 0.20862404904736834
0.08499999999999999 0.20706787641199703
0.08600000000000001 0.20570030709664086
0.08700000000000001 0.20453018004970974
0.088 0.20356471232081422
0.089 0.20281143623334733
0.09000000000000001 0.20225667641705505
0.091 0.20186419632830702
0.092 0.2015946421303861
0.09300000000000001 0.2014127957014021
0.094 0.20129123672999547
0.095 0.20120624114494207
0.09599999999999999 0.20113180457402824
0.097 0.20105240950418965
0.098 0.20097068610097424
0.09899999999999999 0.20088966970010486
0.1 0.20080848162817283
0.101 0.20072733694314066
0.102 0.20064617945498328
0.10300000000000001 0.20056502602488976
0.10400000000000001 0.20048387178077917
0.105 0.20040271690345413
0.106 0.2003215627018115
0.107 0.20024040839753268
0.108 0.20015925339508553
0.109 0.2000780992312359
0.11 0.19999694504240506
0.111 0.19991579031004666
0.112 0.1998346362595002
0.113 0.1997534814909945
0.114 0.19967232720903438
0.115 0.1995911731801998
0.11599999999999999 0.19951001824905473
0.117 0.19942886407733257
0.11800000000000001 0.19934770986480424
0.119 0.19926655478158872
0.12000000000000001 0.19918540051255196
0.121 0.19910424651470424
0.122 0.1990230917044129
0.12300000000000001 0.19894193759718062
0.124 0.19886078287744313
0.125 0.19877962852452272
0.126 0.19869847464504528
0.127 0.198617319648523
0.128 0.1985361654184245
0.129 0.19845501112270802
0.13 0.19837385653307887
0.13099999999999998 0.1982927025753296
0.132 0.19821154774154312
0.133 0.19813039306517805
0.134 0.19804923887735862
0.135 0.1979680843864841
0.136 0.19788692989059348
0.13699999999999998 0.1978057760498643
0.13799999999999998 0.1977246209851961
0.139 0.19764346671499397
0.14 0.1975623126338641
0.14100000000000001 0.1974811578838828
0.142 0.1974000038490196
0.143 0.19731884915480158
0.144 0.19723769448798423
0.14500000000000002 0.19715654019728626
0.14600000000000002 0.19707538580483916
0.14700000000000002 0.196994231188232
0.148 0.19691307740084765
0.149 0.19683192244952546
0.15 0.19675076802820946
0.151 0.19666961403385855
0.15200000000000002 0.19658845923340654
0.153 0.19650730524226864
0.154 0.19642615057558452
0.155 0.19634499582600082
0.156 0.1962638425990012
0.157 0.196182685877081
0.158 0.19610153777439066
0.159 0.19602035945482177
0.16 0.19593926367450074
0.161 0.19585785967719055
0.162 0.19577053526303825
0.163 0.195665589213771
0.16399999999999998 0.1955338783623966
0.16499999999999998 0.19537657464223557
0.166 0.19519678919386102
0.167 0.19499451393927644
0.168 0.1947704743598238
0.169 0.19452570977294298
0.16999999999999998 0.1942610231948863
0.17099999999999999 0.1939772487737082
0.17200000000000001 0.1936752609587056
0.17300000000000001 0.1933559209217643
0.17400000000000002 0.1930200930125939
0.17500000000000002 0.19266864876312267
0.176 0.19230246278434227
0.177 0.19192241279885094
0.178 0.19152938029852856
0.17900000000000002 0.19112425025372437
0.18000000000000002 0.19070791050079622
0.181 0.19028125174890914
0.182 0.18984516795723214
0.183 0.18940055579977588
0.184 0.1889483137769058
0.185 0.18848934188806218
0.18600000000000003 0.18802454295671453
0.187 0.18755482600683812
0.188 0.18708109106428064
0.189 0.18660423838543366
0.19 0.18612522959633077
0.191 0.1856448975965564
0.19199999999999998 0.18516374992081777
0.193 0.18468188481750275
0.194 0.1841992215048851
0.195 0.18371576087412722
0.196 0.18323149471294897
0.197 0.18274640253618868
0.19799999999999998 0.1822604701107408
0.199 0.18177368346352593
0.2 0.18128602752082212
0.201 0.18079748723273065
0.202 0.18030804771095787
0.20299999999999999 0.1798176942649193
0.204 0.1793264122177917
0.205 0.1788341867825587
0.20600000000000002 0.178341002950204
0.20700000000000002 0.17784684555166674
0.20800000000000002 0.17735169962555453
0.209 0.17685555097512157
0.21 0.17635838468482432
0.211 0.1758601853469829
0.212 0.175360938472784
0.21300000000000002 0.17486062935975025
0.214 0.17435924280467963
0.215 0.17385676379207152
0.216 0.17335317778009546
0.217 0.17284847071790188
0.218 0.17234262712720905
0.21900000000000003 0.17183563135551005
0.22 0.17132746906661322
0.221 0.17081812563011753
0.222 0.17030758616448596
0.223 0.16979583629108141
0.224 0.16928286095149964
0.22499999999999998 0.1687686445212747
0.226 0.1682531725047449
0.227 0.1677364306705585
0.228 0.16721840450580724
0.229 0.1666990786208825
0.23 0.16617843790530015
0.23099999999999998 0.16565646843355122
0.23199999999999998 0.16513315496016262
0.233 0.16460848196856215
0.234 0.16408243587453325
0.23500000000000001 0.1635550020108988
0.23600000000000002 0.16302616467689904
0.237 0.16249590947740353
0.238 0.1619642222962021
0.239 0.16143108863795316
0.24000000000000002 0.1608964930336266
0.24100000000000002 0.16036042026259842
0.242 0.15982285609361385
0.243 0.15928378663446574
0.244 0.15874319748348212
0.245 0.1582010730286204
0.24600000000000002 0.15765739839092807
0.24700000000000003 0.15711215941745535
0.248 0.1565653416731438
0.249 0.15601693075478548
0.25 0.15546691228759443
0.251 0.1549152710752387
0.252 0.1543619922923519
0.253 0.15380706201501063
0.254 0.1532504659810056
0.255 0.15269218955504396
0.256 0.1521322180166865
0.257 0.15157053628917616
0.258 0.15100713028197602
0.259 0.15044199108895193
0.26 0.14987509256892811
0.261 0.14930641879154083
0.26199999999999996 0.14873602177844894
0.263 0.1481641228615351
0.264 0.1475910906696292
0.265 0.14701729192042715
0.266 0.14644307790894062
0.26699999999999996 0.14586880936029095
0.268 0.14529484485026056
0.26899999999999996 0.14472154147357186
0.27 0.14414925782323013
0.271 0.14357835179526074
0.272 0.1430091803909874
0.273 0.14244210077057745
0.27399999999999997 0.14187746965578368
0.275 0.14131564309910385
0.27599999999999997 0.14075697659637698
0.277 0.14020182531333594
0.278 0.13965054420706363
0.27899999999999997 0.13910348798042854
0.28 0.13856101020802322
0.28099999999999997 0.13802346306550403
0.28200000000000003 0.13749119903351803
0.28300000000000003 0.13696457023000308
0.284 0.1364439271250334
0.28500000000000003 0.13592961964386993
0.286 0.13542199727634865
0.28700000000000003 0.13492140835728317
0.288 0.1344282003203969
0.289 0.1339427198698655
0.29000000000000004 0.13346531271909629
0.291 0.13299632336446765
0.29200000000000004 0.13253609521899576
0.293 0.13208497076557502
0.29400000000000004 0.13164329158438925
0.295 0.13121139836967957
0.296 0.13078963010643385
0.29700000000000004 0.13037832442841546
0.298 0.12997781856331336
0.29900000000000004 0.12958844805256195
0.3 0.12921054670295876
0.301 0.12884444775619036
0.302 0.12849048293457382
0.303 0.12814898214231102
0.30400000000000005 0.12782027433152315
0.305 0.12750468693484457
0.306 0.12720254560110533
0.307 0.1269141747790191
0.308 0.12663989748900112
0.309 0.12638003515761756
0.31 0.1261349067451119
0.31100000000000005 0.12590483057862475
0.312 0.1256901296835625
0.313 0.1254911075007173
0.314 0.12530806051276652
0.315 0.12514139065139207
0.316 0.12499133083370587
0.317 0.12485785095152316
0.318 0.12474231207726208
0.319 0.12464474212976187
0.32 0.12455995918302205
0.321 0.12448074456247342
0.322 0.12440137911984661
0.32299999999999995 0.12432091240780775
0.324 0.12424079389445167
0.325 0.12416079813191426
0.326 0.12408069763266623
0.327 0.124000600757886
0.32799999999999996 0.1239205247287601
0.329 0.12384044225291367
0.32999999999999996 0.12376035768721778
0.331 0.1236802755081688
0.332 0.12360019282170959
0.333 0.12352010935755722
0.334 0.12344002612130002
0.33499999999999996 0.1233599429689387
0.336 0.12327985975269669
0.337 0.12319977660805982
0.338 0.12311969341595584
0.339 0.12303961012669268
0.33999999999999997 0.1229595272233226
0.341 0.12287944467653404
0.34199999999999997 0.12279936172264774
0.343 0.12271927840223344
0.34400000000000003 0.12263919517233744
0.345 0.12255911201622707
0.34600000000000003 0.1224790288592223
0.347 0.12239894570024136
0.34800000000000003 0.1223188624548737
0.349 0.12223877915306434
0.35000000000000003 0.12215869624212577
0.35100000000000003 0.1220786136975859
0.352 0.12199853075206182
0.35300000000000004 0.12191844744266249
0.354 0.12183836425663061
0.35500000000000004 0.12175828114151677
0.356 0.12167819793596817
0.357 0.12159811460653944
0.35800000000000004 0.1215180315112964
0.359 0.12143794896410826
0.36000000000000004 0.12135786626823873
0.361 0.12127778301578099
0.362 0.12119769973109142
0.363 0.1211176165580197
0.364 0.12103753335574144
0.36500000000000005 0.1209574501557785
0.366 0.12087736695870335
0.367 0.12079728368851039
0.368 0.12071720061171434
0.369 0.12063711801388095
0.37 0.1205570352909351
0.371 0.1204769520529596
0.37200000000000005 0.12039686876460623
0.373 0.12031678559281428
0.374 0.12023670243623505
0.375 0.12015661928116524
0.376 0.12007653608837966
0.377 0.11999645277695102
0.378 0.11991636963533946
0.379 0.11983628702266909
0.38 0.1197562043197341
0.381 0.11967612108702191
0.382 0.11959603782670587
0.383 0.1195159547051585
0.38399999999999995 0.11943587154948342
0.385 0.11935578826896312
0.386 0.11927570500053247
0.387 0.11919562221639078
0.388 0.1191155396504572
0.38899999999999996 0.11903545657149482
0.39 0.11895537327082915
0.391 0.11887529012513652
0.392 0.1187952069630046
0.393 0.118715123746989
0.394 0.11863504056930278
0.395 0.11855495731162076
0.39599999999999996 0.11847487402723528
0.397 0.11839479125162344
0.398 0.11831470874750623
0.399 0.11823462570712241
0.4 0.11815454237994172
0.40099999999999997 0.11807445917662404
0.402 0.1179943759931816
0.40299999999999997 0.11791429278293976
0.404 0.11783420959670979
0.405 0.11775412636039072
0.40599999999999997 0.11767404312686533
0.40700000000000003 0.11759396033131793
0.408 0.11751387777362576
0.40900000000000003 0.11743379473721813
0.41 0.1173537114193447
0.41100000000000003 0.11727362820543184
0.41200000000000003 0.11719354504871445
0.413 0.1171134618918237
0.41400000000000003 0.1170333787289937
0.415 0.11695329547366093
0.41600000000000004 0.11687321218171783
0.417 0.11679312933414362
0.418 0.1167130467866202
0.41900000000000004 0.11663296381595621
0.42 0.11655288054255354
0.42100000000000004 0.11647279732463545
0.422 0.11639271416247976
0.423 0.11631263095652805
0.424 0.11623254763187248
0.425 0.1161524645813095
0.42600000000000005 0.11607238202323436
0.427 0.11599229920942876
0.428 0.11591221593694942
0.429 0.11583213272100586
0.43 0.1157520495898204
0.431 0.11567196638776751
0.432 0.11559188318447208
0.43300000000000005 0.11551179998640247
0.434 0.11543171670926537
0.435 0.11535163368584672
0.436 0.11527155112075577
0.437 0.1151914683238157
0.43800000000000006 0.11511138506294363
0.439 0.11503130180374657
0.44 0.11495121862195987
0.441 0.1148711354067129
0.442 0.11479105224297023
0.443 0.11471096910071528
0.444 0.11463088580031662
0.445 0.11455080270771165
0.446 0.11447072012759907
0.447 0.11439063735428552
0.448 0.11431055410123082
0.449 0.11423047086124753
0.44999999999999996 0.11415038774064785
0.451 0.11407030457922854
0.452 0.1139902212779662
0.453 0.11391013803937357
0.454 0.11383005532335402
0.455 0.11374997271188302
0.456 0.11366988958777904
0.45699999999999996 0.11358980630420085
0.458 0.1135097231610701
0.459 0.11342963999008526
0.46 0.11334955677718461
0.461 0.11326947359822538
0.46199999999999997 0.11318939032336076
0.463 0.11310930707564666
0.46399999999999997 0.11302922432574833
0.465 0.11294914173430345
0.466 0.11286905868519248
0.46699999999999997 0.1127889754153762
0.468 0.11270889221579643
0.469 0.11262880900633646
0.47000000000000003 0.112548725812119
0.471 0.1124686426973698
0.47200000000000003 0.11238855943201882
0.47300000000000003 0.11230847615084219
0.474 0.11222839355158896
0.47500000000000003 0.11214831084299312
0.476 0.1120682271141369
0.47700000000000004 0.11198814524454115
0.478 0.11190806333332273
0.479 0.11182797155097128
0.48000000000000004 0.11174789419398708
0.481 0.11166784503575793
0.48200000000000004 0.11158768963409813
0.483 0.11150753306399437
0.484 0.11142790325579305
0.485 0.11134750954214458
0.486 0.11126577853278197
0.48700000000000004 0.11118913192040218
0.488 0.11112306916547807
0.489 0.11106671811960564
0.49 0.1110178881624958
0.491 0.11097459986444227
0.49200000000000005 0.11093488918902353
0.493 0.1108970889293235
0.49400000000000005 0.11085960110458262
0.495 0.11082152403439749
0.496 0.11078304587008163
0.497 0.11074460510045725
0.498 0.11070633161335171
0.49900000000000005 0.11066811966435121
0.5 0.11062987817495283
0.501 0.11059159629545838
0.502 0.11055330876403405
0.503 0.11051503250486251
0.504 0.1104767642840247
0.505 0.1104384952588133
0.506 0.11040022273805623
0.507 0.1103619490470522
0.508 0.11032367617729297
0.509 0.11028540426728797
0.51 0.11024713231252316
0.511 0.1102088598565269
0.512 0.11017058718182697
0.513 0.11013231476064027
0.514 0.11009404265899841
0.515 0.11005577052284672
0.516 0.11001749808909278
0.5169999999999999 0.10997922546186698
0.518 0.1099409529972824
0.519 0.10990268083351275
0.52 0.1098644087377431
0.521 0.10982613639167917
0.522 0.1097878637737023
0.523 0.10974959121257279
0.5239999999999999 0.10971131895422573
0.525 0.10967304689453876
0.526 0.10963477467742626
0.527 0.10959650215073984
0.528 0.1095582295413736
0.529 0.10951995716725363
0.53 0.10948168506558957
0.5309999999999999 0.10944341291641622
0.532 0.1094051404730293
0.533 0.1093668678320049
0.5339999999999999 0.10932859534718316
0.535 0.10929032318126918
0.536 0.10925205110712012
0.537 0.10921377880048234
0.5379999999999999 0.10917550620777733
0.539 0.10913723364560912
0.54 0.10909896136773096
0.5409999999999999 0.10906068929064967
0.542 0.10902241706944049
0.543 0.10898414453388011
0.544 0.10894587190704083
0.5449999999999999 0.10890759951323573
0.546 0.1088693274163572
0.547 0.10883105529762091
0.5479999999999999 0.10879278289128161
0.549 0.10875451026961067
0.55 0.10871623777431913
0.5509999999999999 0.10867796558875976
0.5519999999999999 0.10863969350042205
0.553 0.10860142119102781
0.554 0.10856314858776497
0.5549999999999999 0.10852487600405666
0.556 0.10848660371122229
0.557 0.10844833164421656
0.5579999999999999 0.10841005946343493
0.5589999999999999 0.10837178696951447
0.56 0.10833351435537303
0.561 0.10829524192450136
0.5619999999999999 0.10825696977478767
0.5630000000000001 0.10821869766481235
0.5640000000000001 0.10818042536275436
0.565 0.10814215282607702
0.5660000000000001 0.10810388016673123
0.5670000000000001 0.10806560749381341
0.568 0.1080273349343509
0.569 0.10798906261208513
0.5700000000000001 0.10795079051654835
0.5710000000000001 0.10791251838633714
0.572 0.10787424598357871
0.5730000000000001 0.10783597336952296
0.5740000000000001 0.1077977008590065
0.575 0.10775942865841946
0.576 0.10772115657296796
0.5770000000000001 0.10768288428702041
0.578 0.10764461169666653
0.579 0.10760633909837956
0.5800000000000001 0.10756806678414184
0.5810000000000001 0.10752979471160846
0.582 0.10749152255006857
0.583 0.10745325006650078
0.5840000000000001 0.10741497744768298
0.585 0.10737670501366452
0.586 0.10733843288239141
0.5870000000000001 0.10730016076949889
0.5880000000000001 0.10726188838089389
0.589 0.10722361575318842
0.59 0.10718534321235922
0.5910000000000001 0.10714707100108675
0.592 0.1071087989354146
0.593 0.10707052668859732
0.5940000000000001 0.10703225412915642
0.595 0.10699398153323357
0.596 0.10695570920189017
0.597 0.10691743710981885
0.5980000000000001 0.10687916494222126
0.599 0.10684089245209782
0.6 0.10680261981651502
0.6010000000000001 0.10676434736293795
0.602 0.10672607522986838
0.603 0.10668780314425827
0.604 0.10664953079274869
0.6050000000000001 0.10661125818957413
0.606 0.10657298564363077
0.607 0.1065347134111363
0.6080000000000001 0.10649644132976549
0.609 0.10645816907903284
0.61 0.10641989651600335
0.611 0.10638162389899548
0.612 0.10634335154089104
0.613 0.10630507943641279
0.614 0.10626680728967171
0.6150000000000001 0.10622853484254223
0.616 0.10619026224027057
0.617 0.10615198979124317
0.618 0.10611371763841558
0.619 0.10607544553881505
0.62 0.10603717318192939
0.621 0.10599890057113161
0.6220000000000001 0.10596062800165912
0.623 0.10592235574267081
0.624 0.10588408365842301
0.625 0.10584581143749397
0.626 0.10580753892332234
0.627 0.10576926633183001
0.628 0.10573099395892668
0.629 0.10569272182776587
0.63 0.10565444970286651
0.631 0.10561617734851264
0.632 0.10557790477516568
0.633 0.1055396321012399
0.634 0.1055013594471672
0.635 0.10546308692591902
0.636 0.10542481465344808
0.637 0.10538654256483074
0.638 0.10534827041412256
0.6389999999999999 0.10530999797035663
0.64 0.1052717253558898
0.641 0.10523345287445933
0.642 0.10519518068418816
0.643 0.10515690857853299
0.644 0.10511863624184845
0.645 0.10508036365386562
0.6459999999999999 0.10504209108977931
0.647 0.10500381882984335
0.648 0.10496554676252294
0.649 0.10492727456123015
0.65 0.10488900204875627
0.651 0.10485072943125896
0.652 0.10481245704537857
0.6529999999999999 0.10477418492634673
0.654 0.10473591279820127
0.655 0.10469764036922138
0.6559999999999999 0.10465936773645126
0.657 0.10462109522762682
0.658 0.10458282302747277
0.659 0.10454455094540412
0.6599999999999999 0.10450627864767373
0.661 0.10446800608734201
0.662 0.10442973352447425
0.6629999999999999 0.10439146124294992
0.664 0.1043531891589211
0.665 0.10431491695139686
0.666 0.10427664443720112
0.667 0.10423837180218028
0.668 0.10420009938871927
0.669 0.10416182725457498
0.6699999999999999 0.10412355513925169
0.671 0.10408528274956472
0.672 0.10404701015073717
0.6729999999999999 0.10400873765813971
0.674 0.10397046545699905
0.675 0.10393219337540156
0.676 0.10389392107490891
0.6769999999999999 0.1038556484932498
0.678 0.1038173758925036
0.679 0.10377910357406932
0.6799999999999999 0.10374083148459834
0.681 0.103702559302364
0.682 0.10366428683043838
0.683 0.10362601422456902
0.6839999999999999 0.10358774181863777
0.685 0.10354946968420607
0.686 0.10351119756839378
0.6869999999999999 0.1034729251737679
0.6880000000000001 0.1034346525461668
0.6890000000000001 0.1033963800136593
0.69 0.10335810778278666
0.691 0.1033198357050415
0.6920000000000001 0.10328156343938157
0.6930000000000001 0.10324329089725713
0.694 0.10320501832053937
0.6950000000000001 0.10316674600225918
0.6960000000000001 0.10312847391190297
0.697 0.10309020173117023
0.698 0.10305192925420455
0.6990000000000001 0.10301365661781851
0.7000000000000001 0.10297538415623415
0.701 0.10293711197818718
0.7020000000000001 0.10289883988096586
0.7030000000000001 0.10286056760112226
0.704 0.10282229507976293
0.705 0.10278402243626625
0.7060000000000001 0.10274574979004417
0.707 0.10270747724535298
0.708 0.10266920490795596
0.7090000000000001 0.10263093276852299
0.7100000000000001 0.1025926606207842
0.711 0.10255438823244988
0.712 0.10251611562696936
0.7130000000000001 0.10247784310147778
0.714 0.1024395708577982
0.715 0.10240129877674556
0.7160000000000001 0.1023630265316603
0.717 0.10232475400567088
0.718 0.10228648142192813
0.719 0.10224820906830098
0.7200000000000001 0.10220993695436124
0.721 0.10217166477729342
0.722 0.10213339232305105
0.7230000000000001 0.10209511970213225
0.724 0.10205684724423555
0.725 0.10201857507811335
0.726 0.10198030297901531
0.7270000000000001 0.1019420306512292
0.728 0.10190375806949821
0.729 0.10186548553476849
0.7300000000000001 0.10182721326837217
0.731 0.1017889411720263
0.732 0.10175066892316398
0.733 0.10171239638601781
0.734 0.10167412378431703
0.735 0.10163585141662616
0.736 0.1015975793148488
0.7370000000000001 0.10155930716378596
0.738 0.1015210347258974
0.739 0.1014827621099625
0.74 0.10144448967779499
0.741 0.10140621757287135
0.742 0.1013679454613345
0.743 0.1013296729242621
0.7440000000000001 0.10129140005387804
0.745 0.10125312772175452
0.746 0.10121485643604942
0.747 0.10117658504031632
0.748 0.10113831104085329
0.749 0.1011000343703239
0.75 0.10106176148454042
0.751 0.10102349941975466
0.752 0.10098524182016415
0.753 0.10094695930275245
0.754 0.10090863609580551
0.755 0.10087032641423017
0.756 0.10083214129765285
0.757 0.10079409760555612
0.758 0.10075594090264349
0.759 0.10071736032419183
0.76 0.10067797168860831
0.761 0.10063696225447928
0.762 0.10059342946404781
0.763 0.10054670859061651
0.764 0.10049607631258932
0.765 0.10044082745302466
0.766 0.10038025376641192
0.767 0.10031364748364387
0.7679999999999999 0.10024030115231274
0.769 0.10015950767694885
0.77 0.10007055778122832
0.771 0.09997274127067994
0.772 0.09986534821185762
0.773 0.0997476643261912
0.774 0.09961897544400491
0.775 0.09947856176128944
0.776 0.09932570376148954
0.777 0.09915967650873046
0.7779999999999999 0.09897975124334275
0.779 0.09878519611600929
0.78 0.0985752731987744
0.781 0.09834924015065025
0.782 0.09810634941524239
0.783 0.09784584776791878
0.784 0.09756699525863835
0.7849999999999999 0.09726930042975192
0.786 0.0969524695919463
0.787 0.09661620123219883
0.788 0.09626019155588834
0.789 0.0958841319974675
0.79 0.09548770351844486
0.791 0.09507058713281846
0.7919999999999999 0.09463245117573535
0.793 0.09417296256700927
0.794 0.09369177773439037
0.7949999999999999 0.09318854741284267
0.796 0.09266291548989998
0.797 0.09211451716938024
0.798 0.091542980619437
0.7989999999999999 0.09094792401049936
0.8 0.0903289603062009
0.801 0.08968569031055866
0.8019999999999999 0.08901770687266003
0.803 0.08832459341327951
0.804 0.08760606668675998
0.805 0.0868652892475534
0.8059999999999999 0.08610909178251518
0.807 0.0853445536260711
0.808 0.08457879045460272
0.8089999999999999 0.08381893314671317
0.81 0.08307209309911888
0.811 0.08234533143449622
0.8119999999999999 0.08164562228467973
0.813 0.0809798293349271
0.8140000000000001 0.08035467927889581
0.8150000000000001 0.0797766790354918
0.816 0.0792523250876449
0.8170000000000001 0.07878492931465561
0.8180000000000001 0.07836662641818833
0.819 0.07798622793819454
0.82 0.07763452686200883
0.8210000000000001 0.07730833049420907
0.8220000000000001 0.07700657135106444
0.823 0.0767281545142166
0.8240000000000001 0.07647201210531085
0.8250000000000001 0.07623711529202959
0.826 0.0760224619335962
0.827 0.07582707611685079
0.8280000000000001 0.07565000603389532
0.829 0.07549031901126696
0.83 0.07534710309536982
0.8310000000000001 0.0752194589077989
0.8320000000000001 0.07510650290047827
0.833 0.07500736215854709
0.834 0.07492117149780442
0.8350000000000001 0.0748470744969823
0.836 0.07478421801940864
0.837 0.07473174875062659
0.8380000000000001 0.0746888219526921
0.839 0.07465456802209061
0.84 0.07462815067302318
0.841 0.0746077830226896
0.8420000000000001 0.07459054984045954
0.843 0.07457335836045458
0.844 0.07455554325495937
0.8450000000000001 0.07453782446595844
0.846 0.0745202051544471
0.847 0.0745025340057953
0.848 0.0744848595024922
0.8490000000000001 0.07446719560505113
0.85 0.0744495288673662
0.851 0.07443186131355284
0.8520000000000001 0.07441419499463844
0.853 0.0743965281851988
0.854 0.07437886083171719
0.855 0.07436119363965446
0.856 0.07434352698418242
0.857 0.07432586047625588
0.858 0.0743081934962457
0.8590000000000001 0.0742905261896373
0.86 0.07427285903371608
0.861 0.07425519242934252
0.862 0.07423752589783755
0.863 0.07421985885097271
0.864 0.07420219152395326
0.865 0.0741845244403399
0.8660000000000001 0.07416685792211788
0.867 0.07414919125625355
0.868 0.07413152407474033
0.869 0.07411385730360956
0.87 0.07409619083999154
0.871 0.07407852387067118
0.872 0.0740608565485764
0.873 0.07404318940581962
0.874 0.07402552279077901
0.875 0.07400785625068962
0.8760000000000001 0.07399018922056143
0.877 0.07397252190189837
0.878 0.07395485480299542
0.879 0.07393718824286814
0.88 0.07391952166599061
0.881 0.07390185456567937
0.882 0.07388418724656669
0.8830000000000001 0.07386652022329958
0.884 0.07384885369506917
0.885 0.07383118705929416
0.886 0.07381351991827838
0.887 0.07379585260382802
0.888 0.07377818565671639
0.889 0.07376051919184623
0.89 0.07374285238217736
0.891 0.07372518521335988
0.892 0.07370751856435027
0.893 0.07368985202628733
0.894 0.07367218494472427
0.895 0.07365451761477786
0.896 0.0736368505790417
0.897 0.0736191840553515
0.898 0.07360151743175242
0.899 0.07358385027959681
0.8999999999999999 0.07356618296583559
0.901 0.0735485160066242
0.902 0.07353084951774552
0.903 0.07351318283289769
0.904 0.07349551563115139
0.905 0.07347784833747818
0.906 0.07346018143949234
0.9069999999999999 0.07344251495738838
0.908 0.07342484821469723
0.909 0.07340718098153769
0.91 0.0733895136928699
0.911 0.07337184687839413
0.912 0.07335418042822577
0.913 0.07333651348653597
0.9139999999999999 0.07331884637812175
0.915 0.0733011798414803
0.916 0.07328351320408079
0.9169999999999999 0.07326584600885257
0.918 0.07324817870312406
0.919 0.07323051179121289
0.92 0.0732128453198541
0.9209999999999999 0.07319517859093956
0.922 0.07317751135824924
0.923 0.07315984407830826
0.9239999999999999 0.07314217723179435
0.925 0.07312451077400917
0.926 0.07310684396650802
0.927 0.07308917669208197
0.9279999999999999 0.07307150945472525
0.929 0.07305384267679914
0.93 0.07303617620450766
0.9309999999999999 0.07301850933154273
0.932 0.07300084204249774
0.933 0.07298317483865437
0.9339999999999999 0.07296550815515393
0.9349999999999999 0.07294784164717047
0.936 0.07293017457047138
0.937 0.07291250757031212
0.938 0.07289484111179644
0.9390000000000001 0.07287717434042226
0.9400000000000001 0.07285950706820102
0.941 0.07284183981654563
0.942 0.07282417302950549
0.9430000000000001 0.07280650657430328
0.9440000000000001 0.07278883969812104
0.945 0.07277117240280481
0.9460000000000001 0.0727535052022403
0.9470000000000001 0.07273583848083792
0.948 0.07271817199922863
0.949 0.07270050505567589
0.9500000000000001 0.07268283775818404
0.951 0.07266517060019821
0.952 0.07264750393812391
0.9530000000000001 0.07262983743307706
0.9540000000000001 0.07261217042518403
0.955 0.07259450310493776
0.956 0.07257683598108622
0.9570000000000001 0.0725591694239902
0.958 0.07254150283361571
0.959 0.07252383564808405
0.9600000000000001 0.07250616879628861
0.9610000000000001 0.072488502366174
0.962 0.07247083543259293
0.963 0.07245316811326334
0.9640000000000001 0.07243550094977819
0.965 0.07241783429909962
0.966 0.07240016780623243
0.9670000000000001 0.07238250078532013
0.968 0.07236483347227178
0.969 0.07234716635489905
0.97 0.07232949975194593
0.9710000000000001 0.07231183321344738
0.972 0.07229416614072502
0.973 0.07227649882744294
0.9740000000000001 0.07225883174749732
0.975 0.0722411652061251
0.976 0.07222349862654044
0.9770000000000001 0.07220583148614027
0.978 0.07218816416683205
0.979 0.07217049716615383
0.98 0.07215283070810724
0.9810000000000001 0.07213516396622582
0.982 0.07211749675008204
0.983 0.07209983007496831
0.9840000000000001 0.07208216358958755
0.985 0.07206449651019574
0.986 0.07204682918659545
0.987 0.07202916211466245
0.9880000000000001 0.07201149557931012
0.989 0.07199382899679377
0.99 0.07197616185989363
0.9910000000000001 0.0719584945532708
0.992 0.07194082753483165
0.993 0.07192316102891402
0.994 0.07190549438380639
0.995 0.07188782721538878
0.996 0.07187015990378136
0.997 0.07185249295108877
0.9980000000000001 0.07183482651822343
0.999 0.07181715969968192
1.0 0.07179949250798301
