0.001 1.1769948162439303
0.0017980000000000001 1.1237796575273615
0.0025960000000000002 1.072975290808036
0.003394 1.024521072383497
0.0041919999999999995 0.978356358551285
0.00499 0.9344205056089425
0.005788 0.8926528698540108
0.006586 0.8529928075840323
0.007384 0.8153796750965482
0.008182 0.7797528286891006
0.008979999999999998 0.7460516246592316
0.009777999999999998 0.7142154193044824
0.010575999999999999 0.6841835689223951
0.011373999999999999 0.6558954298105111
0.012171999999999999 0.6292903582663729
0.012969999999999999 0.6043077105875216
0.013767999999999999 0.5808868430714997
0.014565999999999999 0.5589671120158484
0.015364 0.5384878737181097
0.016162 0.5193884844758254
0.01696 0.5016083005865375
0.017758 0.4850866783477873
0.018556 0.4697629740571171
0.019354 0.45557654401206854
0.020152 0.44246674451018303
0.02095 0.43037293184900294
0.021748 0.41923446232606987
0.022546 0.40899069223892526
0.023344 0.39958097788511143
0.024142 0.39094467556216994
0.02494 0.3830211415676424
0.025738 0.37574973219907104
0.026536 0.3690698037539973
0.027334 0.3629207125299631
0.028132 0.35724181482451023
0.02893 0.3519724669351804
0.029728 0.34705202515951555
0.030526 0.34241984579505746
0.031324 0.33801528513934775
0.032122 0.3337776994899284
0.03292 0.32964644514434105
0.033718 0.32556094823949355
0.034516 0.32147904759646945
0.035314 0.317401593984582
0.036112 0.31333556947549807
0.03691 0.30928795614088483
0.037708 0.30526573605240975
0.038506 0.3012758912817398
0.039304 0.297325403900542
0.040102 0.2934212559804838
0.0409 0.289570429593232
0.041698 0.2857799068104541
0.042496 0.28205666970381726
0.043294 0.2784077003449884
0.044092 0.2748399808056348
0.04489 0.27136049315742367
0.045688 0.2679762194720221
0.046486 0.2646941418210974
0.047284 0.2615212422763165
0.048082 0.2584645029093467
0.04888 0.25553090579185517
0.049678 0.25272743299550904
0.050476 0.25006008511954675
0.051274 0.2475270102862003
0.052072 0.24512258834453163
0.05287 0.24284117533656419
0.053668 0.24067712730432161
0.054466 0.2386248002898276
0.055264 0.23667855033510557
0.056062 0.2348327334821793
0.05686 0.23308170577307222
0.057658 0.231419823249808
0.058456 0.22984144195441025
0.059254 0.22834091792890251
0.060052 0.22691260721530837
0.06085 0.2255508658556515
0.061648 0.22425004989195543
0.062446 0.22300451536624372
0.063244 0.22180861832054005
0.064042 0.22065671479686802
0.06484 0.21954316083725106
0.065638 0.21846231248371295
0.066436 0.21740857076300868
0.067234 0.21637847667771182
0.068032 0.21537160134390287
0.06883 0.2143877456684943
0.069628 0.21342671055839893
0.070426 0.21248829692052945
0.071224 0.21157230566179858
0.072022 0.21067853768911907
0.07282 0.20980679390940363
0.073618 0.20895687522956496
0.074416 0.20812858255651576
0.075214 0.20732171679716882
0.076012 0.2065360788584368
0.07681 0.20577146964723242
0.077608 0.20502769007046845
0.078406 0.20430454103505746
0.079204 0.2036018234479124
0.080002 0.20291933821594582
0.0808 0.20225688624607052
0.081598 0.20161426844519917
0.082396 0.20099128572024444
0.083194 0.20038765728385727
0.083992 0.1998027329615477
0.08479 0.19923575822611705
0.085588 0.19868597854407138
0.086386 0.19815263938191685
0.087184 0.19763498620615982
0.087982 0.1971322644833063
0.08878 0.19664371967986263
0.089578 0.19616859726233496
0.090376 0.19570614269722947
0.091174 0.19525560145105234
0.091972 0.1948162189903098
0.09277 0.19438724078150807
0.093568 0.19396791229115332
0.094366 0.19355747898575176
0.095164 0.19315518633180961
0.095962 0.19276027979583302
0.09676 0.1923720048443282
0.097558 0.1919896069438014
0.098356 0.19161233156075877
0.099154 0.1912394390524754
0.099952 0.190870462311416
0.10075 0.19050517277815018
0.101548 0.19014334994877294
0.102346 0.18978477331937932
0.103144 0.18942922238606424
0.10394199999999999 0.18907647664492278
0.10474 0.18872631559204994
0.10553799999999999 0.1883785187235407
0.106336 0.1880328655354901
0.107134 0.187689135523993
0.107932 0.1873471081851446
0.10873 0.18700656301503985
0.109528 0.1866672795097736
0.110326 0.18632903716544116
0.111124 0.18599161547813725
0.111922 0.18565479394395698
0.11272 0.18531835205899536
0.113518 0.1849820693193474
0.114316 0.18464572522110806
0.115114 0.1843090992724838
0.115912 0.183971977134265
0.11671 0.18363416061171933
0.117508 0.18329545412617387
0.118306 0.1829556620989557
0.119104 0.18261458895139185
0.119902 0.18227203910480944
0.1207 0.18192781698053542
0.121498 0.181581726999897
0.122296 0.18123357358422112
0.123094 0.18088316115483496
0.123892 0.18053029413306548
0.12469 0.18017477694023973
0.125488 0.17981641399768486
0.126286 0.1794550097267279
0.127084 0.17909036854869587
0.127882 0.17872229488491584
0.12868 0.17835059315671495
0.129478 0.1779750677854201
0.130276 0.17759552319235858
0.131074 0.17721176379885722
0.131872 0.17682360630198282
0.13267 0.1764309798793177
0.133468 0.1760338741031043
0.134266 0.17563227912364157
0.135064 0.17522618509122842
0.135862 0.17481558215616363
0.13666 0.17440046046874622
0.137458 0.17398081017927497
0.138256 0.17355662143804887
0.139054 0.1731278843953667
0.139852 0.17269458920152742
0.14065 0.1722567260068299
0.141448 0.17181428496157305
0.142246 0.17136725621605575
0.143044 0.17091562992057685
0.143842 0.17045939622543527
0.14464 0.16999854528092997
0.145438 0.16953306723735967
0.146236 0.16906295224502338
0.147034 0.16858819045422
0.147832 0.16810877369734384
0.14863 0.16762479985806256
0.149428 0.1671365342164682
0.150226 0.16664425681082298
0.151024 0.16614824767938902
0.151822 0.16564878686042842
0.15262 0.16514615439220345
0.153418 0.16464063031297613
0.154216 0.1641324946610087
0.15501399999999999 0.16362202747456336
0.155812 0.1631095087919022
0.15661 0.1625952186512874
0.157408 0.16207943709098105
0.15820599999999999 0.16156244414924545
0.159004 0.16104451986434262
0.159802 0.16052594427453482
0.1606 0.1600069974180841
0.16139799999999999 0.15948795933325274
0.162196 0.1589691100583028
0.162994 0.15845072963149648
0.163792 0.1579330980910959
0.16459 0.15741649091466306
0.165388 0.15690116025279788
0.166186 0.15638735081779234
0.166984 0.1558753073187352
0.167782 0.15536527446471513
0.16858 0.15485749696482096
0.169378 0.15435221952814143
0.170176 0.15384968686376538
0.170974 0.15335014368078145
0.171772 0.15285383468827843
0.17257 0.15236100459534513
0.173368 0.15187189811107032
0.174166 0.1513867599445427
0.174964 0.15090583480485106
0.175762 0.1504293674010842
0.17656 0.14995760244233083
0.177358 0.1494907846376797
0.178156 0.14902915869621963
0.178954 0.14857296932703934
0.179752 0.1481224612392276
0.18055 0.14767787333215124
0.181348 0.14723931707278318
0.182146 0.14680677984321813
0.182944 0.14638024388548052
0.183742 0.1459596914415946
0.18454 0.14554510475358487
0.185338 0.1451364660634758
0.186136 0.14473375761329177
0.186934 0.14433696164505716
0.187732 0.14394606040079633
0.18853 0.1435610361225338
0.189328 0.14318187105229396
0.190126 0.1428085474321012
0.190924 0.14244104750397985
0.191722 0.14207935350995446
0.19252 0.14172344769204936
0.193318 0.141373312292289
0.194116 0.1410289295526978
0.194914 0.1406902817153001
0.195712 0.14035735102212035
0.19651 0.14003011970286156
0.197308 0.1397085545150397
0.198106 0.1393925765163237
0.198904 0.1390820983676624
0.199702 0.1387770327300047
0.2005 0.1384772922642994
0.201298 0.13818278963149538
0.202096 0.13789343749254152
0.202894 0.1376091485083865
0.203692 0.1373298353399794
0.20449 0.1370554106482689
0.205288 0.13678578709420394
0.206086 0.13652087733873333
0.20688399999999998 0.1362605940428059
0.207682 0.1360048498673705
0.20848 0.13575355747337603
0.209278 0.1355066295217713
0.21007599999999998 0.13526397867350518
0.210874 0.13502551758952644
0.211672 0.13479115893078406
0.21247 0.13456081535822675
0.21326799999999999 0.13433440059803586
0.214066 0.13411183961225856
0.214864 0.13389306410178925
0.215662 0.13367800585899292
0.21645999999999999 0.13346659667623456
0.217258 0.13325876834587913
0.218056 0.13305445266029167
0.218854 0.13285358141183712
0.219652 0.13265608639288048
0.22045 0.13246189939578673
0.221248 0.13227095221292084
0.222046 0.13208317663664784
0.222844 0.1318985044593327
0.223642 0.13171686747334038
0.22444 0.13153819747103587
0.225238 0.1313624262447842
0.226036 0.13118948558695034
0.226834 0.13101930728989922
0.227632 0.1308518231459959
0.22843 0.13068696494760532
0.229228 0.13052466458190484
0.230026 0.13036486219659785
0.230824 0.13020751249308368
0.231622 0.13005257165420453
0.23242 0.1298999958628027
0.233218 0.12974974130172054
0.234016 0.12960176415380018
0.234814 0.129456020601884
0.235612 0.1293124668288142
0.23641 0.1291710590174331
0.237208 0.1290317533505829
0.238006 0.12889450601110589
0.238804 0.1287592731818444
0.239602 0.12862601104564064
0.2404 0.12849467578533694
0.241198 0.1283652235837755
0.241996 0.1282376106237986
0.242794 0.1281117930882485
0.243592 0.12798772715996756
0.24439 0.12786536902179793
0.245188 0.12774467485658195
0.245986 0.12762560271139628
0.246784 0.1275081214346085
0.247582 0.12739220375539292
0.24838 0.12727782240798846
0.249178 0.12716495012663417
0.249976 0.127053559645569
0.250774 0.1269436236990318
0.251572 0.12683511502126169
0.25237 0.12672800634649758
0.253168 0.1266222704089784
0.253966 0.12651787994294314
0.254764 0.1264148076826308
0.255562 0.12631302636228028
0.25636 0.1262125087161306
0.257158 0.12611322747842074
0.257956 0.1260151553833896
0.258754 0.1259182651652762
0.259552 0.12582252955831952
0.26034999999999997 0.1257279212967585
0.261148 0.12563441311483203
0.261946 0.12554197791598112
0.262744 0.1254505931174599
0.263542 0.12536024102568957
0.26434 0.1252709041915142
0.265138 0.1251825651657779
0.265936 0.12509520649932468
0.26673399999999997 0.1250088107429987
0.267532 0.12492336044764399
0.26833 0.1248388381641047
0.269128 0.12475522644322483
0.269926 0.12467250783584852
0.270724 0.12459066489281985
0.271522 0.1245096801649829
0.27232 0.12442953620318176
0.27311799999999997 0.12435021555826045
0.273916 0.12427170078106313
0.274714 0.12419397442243385
0.275512 0.12411701903321676
0.27631 0.1240408171642558
0.277108 0.1239653513663952
0.277906 0.12389060419069656
0.278704 0.12381655932064715
0.279502 0.12374320421204896
0.2803 0.12367052710522901
0.281098 0.12359851624051436
0.281896 0.12352715985823218
0.282694 0.12345644619870938
0.283492 0.12338636350227311
0.28429 0.12331690000925041
0.285088 0.12324804395996829
0.285886 0.12317978359475389
0.286684 0.1231121071539342
0.287482 0.12304500287783626
0.28828 0.1229784590067872
0.289078 0.12291246378111408
0.289876 0.12284700544114385
0.290674 0.12278207222720369
0.291472 0.12271765237962062
0.29227 0.12265373413872165
0.293068 0.12259030574483386
0.293866 0.12252735543828437
0.294664 0.1224648716083238
0.295462 0.12240284446379587
0.29626 0.12234126543083884
0.297058 0.12228012595791954
0.297856 0.12221941749350478
0.298654 0.12215913148606145
0.299452 0.12209925938405636
0.30025 0.12203979263595634
0.301048 0.12198072269022832
0.301846 0.12192204099533901
0.302644 0.12186373899975529
0.303442 0.12180580815194404
0.30424 0.12174823990037208
0.305038 0.1216910256935062
0.305836 0.12163415697981328
0.306634 0.12157762520776019
0.307432 0.1215214218258137
0.30823 0.12146553828244068
0.30902799999999997 0.12140996602610798
0.309826 0.12135469650528241
0.310624 0.12129972117242706
0.311422 0.12124503198893537
0.31222 0.1211906219185816
0.313018 0.12113648404227992
0.313816 0.12108261144094436
0.314614 0.12102899719548905
0.31541199999999997 0.1209756343868281
0.31621 0.1209225160958756
0.317008 0.12086963540354566
0.317806 0.12081698539075243
0.318604 0.12076455913840996
0.319402 0.12071234972743232
0.3202 0.12066035023873373
0.320998 0.12060855375322818
0.32179599999999997 0.12055695335182982
0.322594 0.12050554211545282
0.323392 0.1204543131250112
0.32419 0.12040325946141907
0.324988 0.12035237420559056
0.325786 0.1203016504384398
0.326584 0.12025108124088082
0.327382 0.12020065973821709
0.32817999999999997 0.12015037934771443
0.328978 0.12010023360459526
0.329776 0.12005021604441161
0.330574 0.12000032020271557
0.331372 0.11995053961505917
0.33217 0.11990086781699447
0.332968 0.11985129834407356
0.333766 0.11980182473184851
0.334564 0.11975244051587135
0.335362 0.1197031392316942
0.33616 0.11965391441486906
0.336958 0.11960475960094806
0.337756 0.11955566832548321
0.338554 0.11950663412402662
0.339352 0.11945765053213032
0.34015 0.11940871108534637
0.340948 0.11935980931922689
0.341746 0.1193109387693239
0.342544 0.11926209297118946
0.343342 0.11921326545118341
0.34414 0.11916444943198012
0.344938 0.11911563777026547
0.345736 0.11906682330093621
0.346534 0.11901799885888915
0.347332 0.11896915727902109
0.34813 0.11892029139622873
0.348928 0.1188713940454089
0.349726 0.11882245806145843
0.350524 0.118773476279274
0.351322 0.11872444153375245
0.35212 0.1186753466597905
0.352918 0.118626184492285
0.353716 0.11857694786613265
0.354514 0.11852762961623031
0.355312 0.11847822257747471
0.35611 0.11842871958476267
0.356908 0.1183791134729909
0.357706 0.1183293970770562
0.358504 0.11827956323185536
0.359302 0.11822960477228198
0.3601 0.11817951413544404
0.360898 0.11812928226175706
0.361696 0.11807889973969002
0.362494 0.11802835715771194
0.363292 0.11797764510429182
0.36408999999999997 0.11792675416789866
0.364888 0.11787567493700148
0.365686 0.11782439800006919
0.366484 0.11777291394557098
0.367282 0.11772121336197568
0.36808 0.11766928683775238
0.368878 0.11761712496137003
0.369676 0.11756471832129763
0.37047399999999997 0.1175120575060043
0.371272 0.11745913310395885
0.37207 0.11740593570363042
0.372868 0.11735245589348799
0.373666 0.11729868426200055
0.374464 0.11724461139763707
0.375262 0.11719022788886657
0.37606 0.11713552413827844
0.37685799999999997 0.11708048789768699
0.377656 0.11702510494310214
0.378454 0.11696936100331339
0.379252 0.11691324180711035
0.38005 0.1168567330832825
0.380848 0.11679982056061945
0.381646 0.11674248996791069
0.382444 0.11668472703394578
0.38324199999999997 0.11662651748751425
0.38404 0.11656784705740567
0.384838 0.11650870147240958
0.385636 0.11644906646131555
0.386434 0.11638892775291303
0.387232 0.11632827107599164
0.38803 0.11626708215934094
0.388828 0.11620534673175041
0.389626 0.11614305052200964
0.390424 0.11608017925890816
0.391222 0.11601671867123554
0.39202 0.11595265447392825
0.392818 0.11588796959221066
0.393616 0.11582264079784038
0.394414 0.11575664404082632
0.395212 0.11568995527117741
0.39601 0.11562255043890254
0.396808 0.11555440549401062
0.397606 0.1154854963865106
0.398404 0.11541579906641136
0.399202 0.11534528948372179
0.4 0.11527394358845079
0.400798 0.11520173733060735
0.401596 0.1151286466602003
0.402394 0.11505464752723857
0.403192 0.11497971588173109
0.40399 0.11490382767368675
0.404788 0.11482695885311449
0.405586 0.11474908537002317
0.406384 0.11467018317442174
0.407182 0.11459022821631912
0.40798 0.11450919644572415
0.408778 0.11442706221751708
0.409576 0.114343787941842
0.410374 0.11425933061362317
0.411172 0.11417364720089411
0.41197 0.11408669467168835
0.41276799999999997 0.11399842999403946
0.413566 0.11390881013598102
0.414364 0.11381779206554651
0.415162 0.1137253327507695
0.41596 0.11363138915968357
0.416758 0.11353591826032226
0.417556 0.1134388770207191
0.418354 0.11334022240890762
0.41915199999999997 0.11323991139292143
0.41995 0.113137900940794
0.420748 0.1130341480205589
0.421546 0.11292860960024975
0.422344 0.11282124264790003
0.423142 0.11271200413154331
0.42394 0.11260085101921309
0.424738 0.11248773999599918
0.42553599999999997 0.1123726159079857
0.426334 0.11225540771783388
0.427132 0.11213604327441534
0.42793 0.11201445042660163
0.428728 0.11189055702326445
0.429526 0.11176429091327536
0.430324 0.11163557994550602
0.431122 0.11150435196882799
0.43191999999999997 0.11137053483211297
0.432718 0.11123405638423248
0.433516 0.1110948444740582
0.434314 0.1109528269504617
0.435112 0.11080793166231466
0.43591 0.11066008645848863
0.436708 0.11050921918785529
0.437506 0.11035525769928622
0.43830399999999997 0.11019812984165306
0.439102 0.11003776346382736
0.4399 0.1098740864146808
0.440698 0.10970702654308499
0.441496 0.10953651339827473
0.442294 0.10936248376047175
0.443092 0.10918487633172398
0.44389 0.10900362981409464
0.44468799999999997 0.10881868290964708
0.445486 0.10862997432044448
0.446284 0.10843744274855018
0.447082 0.10824102689602745
0.44788 0.1080406654649395
0.448678 0.10783629715734964
0.449476 0.10762786067532118
0.450274 0.10741529472091732
0.451072 0.10719853799620137
0.45187 0.1069775292032366
0.452668 0.10675220704408624
0.453466 0.10652251022081365
0.454264 0.106288377435482
0.455062 0.10604974739015463
0.45586 0.10580655878689478
0.456658 0.10555875032776575
0.457456 0.10530626933485629
0.458254 0.10504920791974626
0.459052 0.10478777833562104
0.45985 0.10452219647223938
0.460648 0.10425267821935993
0.46144599999999997 0.10397943946674144
0.462244 0.10370269610414255
0.463042 0.10342266402132193
0.46384 0.1031395591080383
0.464638 0.10285359725405038
0.465436 0.10256499434911683
0.466234 0.10227396628299638
0.467032 0.10198072894544764
0.46782999999999997 0.10168549822622937
0.468628 0.10138849001510024
0.469426 0.10108992020181891
0.470224 0.10079000467614414
0.471022 0.10048895932783458
0.47182 0.10018700004664893
0.472618 0.09988434272234586
0.473416 0.09958120326603777
0.47421399999999997 0.09927780522714708
0.475012 0.09897439106125364
0.47581 0.09867120609838102
0.476608 0.09836849566855267
0.477406 0.098066505101792
0.478204 0.09776547972812254
0.479002 0.09746566487756775
0.4798 0.09716730588015107
0.48059799999999997 0.09687064806589604
0.481396 0.09657593676482612
0.482194 0.09628341730696473
0.482992 0.09599333502233538
0.48379 0.09570593524096155
0.484588 0.09542146329286672
0.485386 0.09514016450807433
0.486184 0.09486228421660792
0.48698199999999997 0.09458806774849089
0.48778 0.09431776043374676
0.488578 0.09405160760239897
0.489376 0.09378985458447103
0.490174 0.09353272575055684
0.490972 0.09328026611881354
0.49177 0.09303242964624293
0.492568 0.09278916957482702
0.49336599999999997 0.0925504391465479
0.494164 0.09231619160338762
0.494962 0.09208638018732823
0.49576 0.09186095814035182
0.496558 0.0916398787044404
0.497356 0.09142309512157606
0.498154 0.09121056063374086
0.498952 0.09100222848291685
0.49974999999999997 0.0907980519110861
0.500548 0.09059798416023063
0.501346 0.09040197847233256
0.502144 0.09020998808937382
0.502942 0.09002196625333662
0.50374 0.08983786620620295
0.504538 0.08965764118995485
0.505336 0.08948124444657442
0.506134 0.08930862901883785
0.506932 0.08913973708933562
0.50773 0.08897449460702356
0.508528 0.08881282619222365
0.509326 0.08865465646525798
0.510124 0.08849991004644851
0.510922 0.08834851155611737
0.51172 0.08820038561458655
0.512518 0.0880554568421781
0.513316 0.08791364985921409
0.514114 0.08777488928601652
0.514912 0.08763909974290741
0.51571 0.08750620585020888
0.516508 0.08737613222824292
0.517306 0.08724880349733156
0.518104 0.0871241442777969
0.518902 0.08700207918996092
0.5196999999999999 0.0868825328541457
0.520498 0.08676542989067325
0.521296 0.08665069491986564
0.522094 0.08653825256204489
0.522892 0.08642803166558906
0.52369 0.0863199814090859
0.524488 0.08621405707412587
0.525286 0.08611021394347214
0.526084 0.0860084072998881
0.526882 0.08590859242613688
0.52768 0.0858107246049818
0.528478 0.08571475911918613
0.529276 0.08562065125151308
0.530074 0.08552835628472594
0.530872 0.08543782950158793
0.53167 0.08534902618486236
0.5324679999999999 0.08526190161731244
0.533266 0.08517641108170144
0.534064 0.08509250986079263
0.534862 0.08501015323734927
0.53566 0.08492929649413458
0.536458 0.08484989491391184
0.537256 0.08477190377944432
0.538054 0.08469527837349526
0.538852 0.08461997447863545
0.53965 0.08454595787503645
0.540448 0.08447320357292942
0.541246 0.08440168692853763
0.542044 0.08433138329808436
0.542842 0.08426226803779287
0.54364 0.08419431650388653
0.544438 0.08412750405258855
0.5452359999999999 0.08406180604012226
0.546034 0.08399719782271091
0.546832 0.08393365475657781
0.54763 0.08387115219794626
0.548428 0.08380966550303953
0.549226 0.08374917002808088
0.550024 0.08368964112929367
0.550822 0.0836310541629011
0.55162 0.08357338448512654
0.552418 0.08351660745219319
0.553216 0.08346069842032443
0.554014 0.08340563274574349
0.554812 0.08335138578800466
0.55561 0.08329793545907171
0.556408 0.08324526677492519
0.557206 0.08319336597765399
0.558004 0.08314221930934698
0.558802 0.08309181301209308
0.5596 0.0830421333279811
0.560398 0.08299316649910003
0.561196 0.08294489876753869
0.561994 0.08289731637538597
0.562792 0.08285040556473079
0.56359 0.082804152577662
0.564388 0.0827585436562685
0.565186 0.08271356504263919
0.565984 0.08266920297886293
0.566782 0.08262544370702864
0.56758 0.08258227346922518
0.5683779999999999 0.08253967850754146
0.569176 0.08249764506406633
0.569974 0.08245615938088871
0.570772 0.08241520770009747
0.57157 0.08237477660605268
0.572368 0.08233485604558609
0.573166 0.08229543787403355
0.573964 0.0822565139686361
0.574762 0.08221807620663493
0.57556 0.08218011646527111
0.576358 0.08214262662178576
0.577156 0.08210559855341998
0.577954 0.08206902413741496
0.578752 0.0820328952510117
0.57955 0.08199720377145145
0.580348 0.08196194157597522
0.5811459999999999 0.08192710054182416
0.581944 0.08189267254623936
0.582742 0.08185864946646204
0.58354 0.08182502317973318
0.584338 0.08179178556329396
0.585136 0.0817589284943855
0.585934 0.08172644385024891
0.586732 0.08169432350812532
0.58753 0.08166255935985461
0.588328 0.0816311443728039
0.589126 0.0816000733075964
0.589924 0.08156934109486752
0.590722 0.08153894266525277
0.59152 0.08150887294938751
0.592318 0.08147912687790719
0.593116 0.0814496993814473
0.5939139999999999 0.08142058539064324
0.594712 0.08139177983613045
0.59551 0.0813632776485444
0.596308 0.08133507375852046
0.597106 0.08130716309669415
0.597904 0.08127954059370086
0.598702 0.08125220118017606
0.5995 0.08122513978675514
0.600298 0.08119835134407358
0.601096 0.08117183078276684
0.601894 0.08114557303347028
0.602692 0.0811195730268194
0.60349 0.08109382569344963
0.604288 0.08106832616534496
0.605086 0.08104307067034548
0.605884 0.08101805580730553
0.6066819999999999 0.08099327817537492
0.60748 0.08096873437370336
0.608278 0.08094442100144071
0.609076 0.08092033465773668
0.609874 0.08089647194174106
0.610672 0.08087282945260361
0.61147 0.08084940378947415
0.612268 0.08082619155150243
0.613066 0.08080318933783827
0.613864 0.08078039374763137
0.614662 0.08075780138003154
0.61546 0.08073540883418856
0.616258 0.08071321270925223
0.6170559999999999 0.0806912096043723
0.617854 0.08066939611869858
0.618652 0.08064776885138077
0.61945 0.08062632440156872
0.620248 0.08060505938495795
0.621046 0.0805839708166707
0.621844 0.08056305612203138
0.622642 0.0805423127450658
0.62344 0.08052173812979978
0.624238 0.08050132972025915
0.625036 0.08048108496046971
0.625834 0.08046100129445723
0.626632 0.08044107616624761
0.62743 0.08042130701986662
0.628228 0.08040169129934004
0.629026 0.08038222644869372
0.6298239999999999 0.08036290991195348
0.630622 0.08034373913314512
0.63142 0.08032471155629448
0.632218 0.08030582462542729
0.633016 0.08028707578456944
0.633814 0.08026846247774672
0.634612 0.08024998214898496
0.63541 0.08023163224230996
0.636208 0.08021341020176324
0.637006 0.08019531350794407
0.637804 0.08017733975609838
0.638602 0.080159486563887
0.6394 0.08014175154897074
0.640198 0.08012413232901047
0.640996 0.08010662652166702
0.641794 0.0800892317446012
0.6425919999999999 0.08007194561547379
0.64339 0.08005476575194566
0.644188 0.08003768977167763
0.644986 0.08002071529233054
0.645784 0.08000383993156517
0.646582 0.07998706130704242
0.64738 0.07997037703642304
0.648178 0.0799537847373679
0.648976 0.07993728202753778
0.649774 0.07992086652459357
0.650572 0.07990453584619601
0.65137 0.07988828761000602
0.652168 0.07987211943368436
0.652966 0.0798560289024609
0.653764 0.07984001323371274
0.654562 0.07982406941176998
0.6553599999999999 0.07980819441726628
0.656158 0.0797923852308353
0.656956 0.07977663883311076
0.657754 0.07976095220472627
0.658552 0.07974532232631557
0.65935 0.07972974617851229
0.660148 0.07971422074195013
0.660946 0.07969874299726272
0.661744 0.07968330992508378
0.662542 0.07966791850604699
0.66334 0.07965256572078594
0.664138 0.07963724854993443
0.664936 0.07962196397412603
0.6657339999999999 0.07960670897399445
0.666532 0.07959148053017337
0.66733 0.07957627562329647
0.6681279999999999 0.0795610912339974
0.668926 0.07954592433596458
0.669724 0.07953077117725
0.670522 0.07951562665446257
0.67132 0.07950048551671927
0.672118 0.07948534251313713
0.672916 0.07947019239283312
0.673714 0.0794550299049242
0.674512 0.07943984979852739
0.67531 0.07942464682275971
0.676108 0.07940941572673811
0.676906 0.07939415125957959
0.677704 0.07937884817040118
0.6785019999999999 0.07936350120831984
0.6793 0.07934810512245254
0.680098 0.07933265466191634
0.680896 0.0793171445758282
0.681694 0.07930156961330508
0.682492 0.07928592452346404
0.68329 0.07927020405542201
0.684088 0.079254402958296
0.684886 0.07923851598120302
0.685684 0.07922253734308095
0.686482 0.07920645799097532
0.68728 0.07919026762502897
0.688078 0.07917395594293014
0.688876 0.07915751264236713
0.689674 0.07914092742102824
0.690472 0.07912418997660176
0.6912699999999999 0.07910729000677595
0.692068 0.07909021720923913
0.692866 0.07907296128167955
0.693664 0.07905551192178552
0.694462 0.07903785882724532
0.69526 0.07901999169574722
0.696058 0.07900190022497953
0.696856 0.0789835741126305
0.697654 0.07896500305638846
0.698452 0.07894617675394165
0.69925 0.0789270849029784
0.700048 0.07890771720118696
0.700846 0.07888806334625563
0.701644 0.07886811283492541
0.702442 0.07884784921328916
0.70324 0.07882724922897458
0.7040379999999999 0.07880628925815492
0.704836 0.07878494567700355
0.705634 0.0787631948616937
0.706432 0.07874101318839875
0.70723 0.07871837703329201
0.708028 0.07869526277254676
0.708826 0.07867164678233633
0.709624 0.078647505438834
0.710422 0.07862281511821312
0.71122 0.078597552196647
0.712018 0.07857169305030894
0.712816 0.07854521405537222
0.713614 0.07851809158801017
0.714412 0.07849030202439615
0.71521 0.0784618217407034
0.716008 0.0784326271131053
0.7168059999999999 0.07840269451777511
0.717604 0.07837200033061133
0.718402 0.07834051637207315
0.7192 0.07830819833730075
0.719998 0.07827499835513241
0.720796 0.07824086855440653
0.721594 0.07820576106396146
0.722392 0.07816962801263554
0.72319 0.0781324215292671
0.723988 0.07809409374269449
0.724786 0.07805459678175611
0.725584 0.07801388277529023
0.726382 0.07797190385213525
0.7271799999999999 0.07792861214112952
0.727978 0.07788395977111136
0.728776 0.07783789887091913
0.729574 0.07779038156939119
0.730372 0.07774135999536584
0.73117 0.07769078627768149
0.731968 0.07763861254517646
0.732766 0.07758479092668913
0.733564 0.07752927355105778
0.734362 0.0774720092814165
0.73516 0.07741290391802041
0.735958 0.07735183284856118
0.736756 0.07728867082142368
0.737554 0.0772232925849928
0.738352 0.07715557288765348
0.73915 0.07708538647779058
0.7399479999999999 0.07701260810378896
0.740746 0.07693711251403357
0.741544 0.07685877445690925
0.742342 0.0767774686808009
0.74314 0.07669306993409346
0.743938 0.0766054529651718
0.744736 0.07651449252242079
0.745534 0.07642006335422531
0.746332 0.07632204020897032
0.74713 0.07622029783504064
0.747928 0.07611471098082118
0.748726 0.07600515439469685
0.749524 0.07589150282505255
0.750322 0.07577363084915961
0.75112 0.07565138595975397
0.751918 0.07552455920974316
0.7527159999999999 0.07539293459768279
0.753514 0.07525629612212847
0.754312 0.07511442778163592
0.75511 0.07496711357476074
0.755908 0.07481413750005857
0.756706 0.07465528355608508
0.757504 0.0744903357413959
0.758302 0.0743190780545467
0.7591 0.07414129449409307
0.759898 0.07395676905859074
0.760696 0.07376528574659526
0.761494 0.07356662855666235
0.762292 0.07336058148734764
0.76309 0.07314692853720671
0.763888 0.07292545370479532
0.764686 0.07269594098866902
0.7654839999999999 0.07245817438738353
0.766282 0.0722119378994944
0.76708 0.07195696852681756
0.767878 0.0716926735824301
0.768676 0.07141831924526215
0.769474 0.07113317115892169
0.770272 0.07083649496701667
0.77107 0.07052755631315495
0.771868 0.07020562084094452
0.772666 0.06986995419399332
0.773464 0.06951982201590919
0.774262 0.06915448995030017
0.77506 0.06877322364077416
0.7758579999999999 0.06837528873093907
0.776656 0.06795995086440279
0.777454 0.06752647568477337
0.7782519999999999 0.06707412883565865
0.77905 0.06660217596066653
0.779848 0.06610988270340505
0.780646 0.06559651470748212
0.781444 0.06506133761650554
0.782242 0.06450361707408342
0.78304 0.06392261872382361
0.783838 0.06331760820933396
0.784636 0.06268785117422257
0.785434 0.0620326132620973
0.786232 0.06135116011656597
0.78703 0.0606427573812367
0.787828 0.05990667069971731
0.7886259999999999 0.05914216571561577
0.789424 0.05834850807253989
0.790222 0.057524963414097824
0.79102 0.05667079738389738
0.791818 0.05578527562554636
0.792616 0.05486766378265295
0.793414 0.05391722749882498
0.794212 0.0529332324176702
0.79501 0.05191494418279685
0.795808 0.050861628437812736
0.796606 0.049772550826325604
0.797404 0.0486469769919437
0.798202 0.04748417257827481
0.799 0.04628340322892669
