0.000000000000000000e+00 1.119791900000000062e+00
1.000000000000000021e-03 9.718616141922262752e-01
2.000000000000000042e-03 9.070500118065627504e-01
3.000000000000000062e-03 8.567525602099569371e-01
4.000000000000000083e-03 8.139592067743449677e-01
5.000000000000000104e-03 7.759409393540243061e-01
6.000000000000000125e-03 7.412950110557364747e-01
7.000000000000001013e-03 7.091914464539990082e-01
8.000000000000000167e-03 6.792160604985061356e-01
9.000000000000001055e-03 6.515351194755806263e-01
1.000000000000000021e-02 6.263660494256747535e-01
1.100000000000000110e-02 6.036024079874848791e-01
1.200000000000000025e-02 5.828199178412207804e-01
1.300000000000000114e-02 5.637738058822239218e-01
1.400000000000000203e-02 5.462437557423712731e-01
1.500000000000000118e-02 5.300350003898746110e-01
1.600000000000000033e-02 5.149799838297350885e-01
1.700000000000000122e-02 5.009630240740599039e-01
1.800000000000000211e-02 4.878545811986439995e-01
1.899999999999999953e-02 4.755571391441517082e-01
2.000000000000000042e-02 4.639439310209258482e-01
2.100000000000000130e-02 4.529677133285521795e-01
2.200000000000000219e-02 4.425249814084026290e-01
2.300000000000000308e-02 4.325615729287498601e-01
2.400000000000000050e-02 4.230352976413997435e-01
2.500000000000000139e-02 4.139168337895888783e-01
2.600000000000000228e-02 4.051815140856793729e-01
2.699999999999999969e-02 3.967936852072052045e-01
2.800000000000000405e-02 3.887397453454591312e-01
2.900000000000000147e-02 3.809921219248804114e-01
3.000000000000000236e-02 3.735245708277082355e-01
3.099999999999999978e-02 3.663379404355853741e-01
3.200000000000000067e-02 3.593988865561413282e-01
3.300000000000000155e-02 3.526838497855203092e-01
3.400000000000000244e-02 3.461720631174550755e-01
3.500000000000000333e-02 3.398360935971149188e-01
3.600000000000000422e-02 3.336521171972747224e-01
3.700000000000000511e-02 3.276069126699820977e-01
3.799999999999999906e-02 3.216839030573951375e-01
3.899999999999999994e-02 3.158655178517768003e-01
4.000000000000000083e-02 3.101403780280208022e-01
4.100000000000000172e-02 3.045079508497623433e-01
4.200000000000000261e-02 2.989639841877246851e-01
4.300000000000000350e-02 2.935064365010022214e-01
4.400000000000000439e-02 2.881322348016279178e-01
4.499999999999999833e-02 2.828400548792453506e-01
4.600000000000000616e-02 2.776314534345900586e-01
4.700000000000000011e-02 2.725062068718088759e-01
4.800000000000000100e-02 2.674607462590108953e-01
4.900000000000000883e-02 2.624937267912327843e-01
5.000000000000000278e-02 2.576060036086253446e-01
5.100000000000000366e-02 2.528016934408175431e-01
5.200000000000000455e-02 2.480756059534910962e-01
5.300000000000000544e-02 2.434378117191477453e-01
5.399999999999999939e-02 2.389167264251191025e-01
5.500000000000000722e-02 2.345586559566296414e-01
5.600000000000000810e-02 2.304065242225092902e-01
5.700000000000000899e-02 2.264817014140711737e-01
5.800000000000000294e-02 2.228023891729275785e-01
5.900000000000000383e-02 2.193850498425289619e-01
6.000000000000000472e-02 2.162271914373545545e-01
6.100000000000000561e-02 2.133427949736999563e-01
6.199999999999999956e-02 2.107369712448433074e-01
6.300000000000000044e-02 2.084218012781039742e-01
6.400000000000000133e-02 2.064247882263466893e-01
6.500000000000000222e-02 2.047777445497714621e-01
6.600000000000000311e-02 2.034913073514234005e-01
6.700000000000000400e-02 2.025691837325409861e-01
6.800000000000000488e-02 2.019634352622616813e-01
6.900000000000000577e-02 2.015858826019013006e-01
7.000000000000000666e-02 2.013587706483402351e-01
7.099999999999999367e-02 2.012223692964756339e-01
7.200000000000000844e-02 2.011165784730840067e-01
7.300000000000000933e-02 2.010099188029651762e-01
7.400000000000001021e-02 2.009014880382318513e-01
7.500000000000001110e-02 2.007930787774236114e-01
7.599999999999999811e-02 2.006846676650566319e-01
7.699999999999999900e-02 2.005762562923286418e-01
7.799999999999999989e-02 2.004678450333046702e-01
7.900000000000001465e-02 2.003594336392942599e-01
8.000000000000000167e-02 2.002510222709108223e-01
8.100000000000000255e-02 2.001426105687779677e-01
8.200000000000000344e-02 2.000341995661394923e-01
8.300000000000000433e-02 1.999257879999457310e-01
8.400000000000000522e-02 1.998173767831717407e-01
8.500000000000000611e-02 1.997089653872917980e-01
8.600000000000000699e-02 1.996005541048279930e-01
8.700000000000000788e-02 1.994921427527187041e-01
8.800000000000000877e-02 1.993837314079794087e-01
8.900000000000000966e-02 1.992753197286796230e-01
8.999999999999999667e-02 1.991669086513889186e-01
9.100000000000001144e-02 1.990584971224787225e-01
9.200000000000001232e-02 1.989500858826994678e-01
9.300000000000001321e-02 1.988416744774424150e-01
9.400000000000000022e-02 1.987332631796038529e-01
9.500000000000000111e-02 1.986248518992189682e-01
9.600000000000000200e-02 1.985164404700751617e-01
9.700000000000000289e-02 1.984080292146309932e-01
9.800000000000001765e-02 1.982996179446569474e-01
9.900000000000000466e-02 1.981912063098428267e-01
1.000000000000000056e-01 1.980827948821786699e-01
1.010000000000000064e-01 1.979743836703784787e-01
1.020000000000000073e-01 1.978659722311632840e-01
1.029999999999999943e-01 1.977575610457385225e-01
1.040000000000000091e-01 1.976491495477129268e-01
1.050000000000000100e-01 1.975407382993916994e-01
1.060000000000000109e-01 1.974323269991297425e-01
1.070000000000000118e-01 1.973239155146304380e-01
1.079999999999999988e-01 1.972155039941756449e-01
1.089999999999999997e-01 1.971070927497215186e-01
1.100000000000000144e-01 1.969986812335059734e-01
1.110000000000000153e-01 1.968902702253040593e-01
1.120000000000000162e-01 1.967818586252175206e-01
1.130000000000000032e-01 1.966734473796357963e-01
1.140000000000000180e-01 1.965650360926593232e-01
1.149999999999999911e-01 1.964566246746840272e-01
1.160000000000000059e-01 1.963482133856891965e-01
1.170000000000000068e-01 1.962398021042531249e-01
1.180000000000000077e-01 1.961313904799112662e-01
1.190000000000000085e-01 1.960229744074599711e-01
1.200000000000000094e-01 1.959142831576104471e-01
1.210000000000000103e-01 1.957996293359624829e-01
1.220000000000000112e-01 1.956596442408584102e-01
1.230000000000000260e-01 1.954785319923884601e-01
1.239999999999999991e-01 1.952547702230603144e-01
1.250000000000000000e-01 1.949906071978036171e-01
1.260000000000000009e-01 1.946874487991117064e-01
1.270000000000000018e-01 1.943482289422758802e-01
1.280000000000000027e-01 1.939747283881160245e-01
1.290000000000000036e-01 1.935679363786860507e-01
1.300000000000000044e-01 1.931310053650164560e-01
1.310000000000000053e-01 1.926655464460678147e-01
1.320000000000000062e-01 1.921730303819543517e-01
1.330000000000000071e-01 1.916566374489801217e-01
1.340000000000000080e-01 1.911179227719681795e-01
1.350000000000000089e-01 1.905594236972647515e-01
1.360000000000000098e-01 1.899835049605222981e-01
1.370000000000000107e-01 1.893920202500510575e-01
1.380000000000000115e-01 1.887866271688639908e-01
1.390000000000000124e-01 1.881698099270734392e-01
1.400000000000000133e-01 1.875438544626083226e-01
1.410000000000000142e-01 1.869106282705888245e-01
1.419999999999999873e-01 1.862721437681386094e-01
1.429999999999999882e-01 1.856308117520779066e-01
1.440000000000000169e-01 1.849878710099105983e-01
1.450000000000000178e-01 1.843435903932719444e-01
1.460000000000000187e-01 1.836979213477438200e-01
1.470000000000000195e-01 1.830507817907679191e-01
1.480000000000000204e-01 1.824021593281134890e-01
1.490000000000000213e-01 1.817520551964942610e-01
1.500000000000000222e-01 1.811004003737007040e-01
1.509999999999999953e-01 1.804471017365696095e-01
1.519999999999999962e-01 1.797921141982444793e-01
1.529999999999999971e-01 1.791355062998418179e-01
1.539999999999999980e-01 1.784772449952356232e-01
1.549999999999999989e-01 1.778172894603564369e-01
1.559999999999999998e-01 1.771555474014994691e-01
1.570000000000000284e-01 1.764919892122215062e-01
1.580000000000000293e-01 1.758266140612964046e-01
1.590000000000000302e-01 1.751593349412128575e-01
1.600000000000000033e-01 1.744901734157947304e-01
1.610000000000000042e-01 1.738190865632641691e-01
1.620000000000000051e-01 1.731459415956125569e-01
1.630000000000000060e-01 1.724708324320948505e-01
1.640000000000000069e-01 1.717937208872897803e-01
1.650000000000000078e-01 1.711145131638479588e-01
1.660000000000000087e-01 1.704331375063020959e-01
1.670000000000000095e-01 1.697495779388190351e-01
1.680000000000000104e-01 1.690638279163604873e-01
1.690000000000000113e-01 1.683759057849850971e-01
1.700000000000000122e-01 1.676857794419601699e-01
1.710000000000000131e-01 1.669933888638864827e-01
1.720000000000000140e-01 1.662985641329282338e-01
1.730000000000000149e-01 1.656014300568020292e-01
1.740000000000000158e-01 1.649018945919991652e-01
1.750000000000000167e-01 1.641997931729645144e-01
1.760000000000000175e-01 1.634951840855400351e-01
1.770000000000000184e-01 1.627881227724765900e-01
1.780000000000000193e-01 1.620785808845100762e-01
1.789999999999999925e-01 1.613665261467606693e-01
1.799999999999999933e-01 1.606519251514879065e-01
1.809999999999999942e-01 1.599347241654457130e-01
1.820000000000000229e-01 1.592147134676765441e-01
1.830000000000000238e-01 1.584919835317779857e-01
1.840000000000000246e-01 1.577662598680133754e-01
1.850000000000000255e-01 1.570377996195338466e-01
1.860000000000000264e-01 1.563065846164562178e-01
1.870000000000000273e-01 1.555725826189380545e-01
1.880000000000000004e-01 1.548357608530382401e-01
1.890000000000000013e-01 1.540960867794587408e-01
1.900000000000000022e-01 1.533535286222869609e-01
1.910000000000000031e-01 1.526080425857632428e-01
1.920000000000000040e-01 1.518591874338410530e-01
1.930000000000000049e-01 1.511070989669074938e-01
1.940000000000000058e-01 1.503519746363077836e-01
1.950000000000000344e-01 1.495937976676119663e-01
1.960000000000000353e-01 1.488326495677131378e-01
1.970000000000000084e-01 1.480689131230697730e-01
1.980000000000000093e-01 1.473032778069765514e-01
1.990000000000000102e-01 1.465365361952306322e-01
2.000000000000000111e-01 1.457695122524979014e-01
2.010000000000000120e-01 1.450030611264773728e-01
2.020000000000000129e-01 1.442383352444523426e-01
2.030000000000000138e-01 1.434760375734812354e-01
2.040000000000000147e-01 1.427169502168860460e-01
2.050000000000000155e-01 1.419618662722079150e-01
2.059999999999999887e-01 1.412115775257888894e-01
2.070000000000000173e-01 1.404668743018711308e-01
2.080000000000000182e-01 1.397287242657720974e-01
2.090000000000000191e-01 1.389980453274217709e-01
2.100000000000000200e-01 1.382754901393060121e-01
2.110000000000000209e-01 1.375623378902670058e-01
2.120000000000000218e-01 1.368598944876859014e-01
2.130000000000000226e-01 1.361681238327080157e-01
2.140000000000000235e-01 1.354877574901385551e-01
2.149999999999999967e-01 1.348195702959303077e-01
2.159999999999999976e-01 1.341645266589835406e-01
2.169999999999999984e-01 1.335237276265590078e-01
2.179999999999999993e-01 1.328977734006017708e-01
2.190000000000000002e-01 1.322872021317869906e-01
2.200000000000000289e-01 1.316935744469051872e-01
2.210000000000000298e-01 1.311173313817279029e-01
2.220000000000000306e-01 1.305602165935868808e-01
2.230000000000000315e-01 1.300218529059612993e-01
2.240000000000000324e-01 1.295029593653792555e-01
2.250000000000000056e-01 1.290047955928491086e-01
2.260000000000000064e-01 1.285281012469053630e-01
2.270000000000000073e-01 1.280731690872996265e-01
2.280000000000000360e-01 1.276406214910869863e-01
2.290000000000000091e-01 1.272321561754546915e-01
2.299999999999999822e-01 1.268483549420623413e-01
2.310000000000000109e-01 1.264892954890728949e-01
2.320000000000000118e-01 1.261574654078491120e-01
2.330000000000000404e-01 1.258527700617726730e-01
2.340000000000000135e-01 1.255759662097683249e-01
2.350000000000000422e-01 1.253271068358002560e-01
2.360000000000000153e-01 1.251066225670175169e-01
2.370000000000000440e-01 1.249150846549545585e-01
2.380000000000000171e-01 1.247547225576606661e-01
2.389999999999999902e-01 1.246240893110281550e-01
2.400000000000000189e-01 1.245122040912563649e-01
2.409999999999999920e-01 1.244057230094489652e-01
2.420000000000000207e-01 1.242985775492099904e-01
2.429999999999999938e-01 1.241915665962486648e-01
2.440000000000000224e-01 1.240846133374519794e-01
2.450000000000000233e-01 1.239776258954641136e-01
2.460000000000000520e-01 1.238706463007484826e-01
2.470000000000000251e-01 1.237636663640094975e-01
2.479999999999999982e-01 1.236566864971055946e-01
2.490000000000000269e-01 1.235497063685329910e-01
2.500000000000000000e-01 1.234427259317412567e-01
2.510000000000000009e-01 1.233357455976721445e-01
2.520000000000000018e-01 1.232287652644910025e-01
2.530000000000000582e-01 1.231217849216268007e-01
2.540000000000000036e-01 1.230148046827511943e-01
2.550000000000000600e-01 1.229078248372341281e-01
2.560000000000000053e-01 1.228008448692879256e-01
2.570000000000000062e-01 1.226938645056444704e-01
2.580000000000000071e-01 1.225868841486675853e-01
2.590000000000000080e-01 1.224799038432419079e-01
2.600000000000000089e-01 1.223729234997925491e-01
2.610000000000000098e-01 1.222659431103839400e-01
2.620000000000000107e-01 1.221589630678568267e-01
2.630000000000000115e-01 1.220519832687179396e-01
2.640000000000000124e-01 1.219450030740806684e-01
2.650000000000000133e-01 1.218380227260683624e-01
2.660000000000000142e-01 1.217310424212473541e-01
2.670000000000000151e-01 1.216240620360334590e-01
2.680000000000000160e-01 1.215170818733992963e-01
2.690000000000000169e-01 1.214101020901815625e-01
2.700000000000000178e-01 1.213031220496561813e-01
2.710000000000000187e-01 1.211961416773977424e-01
2.720000000000000195e-01 1.210891613139485345e-01
2.730000000000000204e-01 1.209821809591046238e-01
2.740000000000000213e-01 1.208752005963268789e-01
2.750000000000000222e-01 1.207682202761419937e-01
2.760000000000000231e-01 1.206612403419490553e-01
2.770000000000000240e-01 1.205542604942780038e-01
2.780000000000000249e-01 1.204472802438110585e-01
2.790000000000000258e-01 1.203402998672022522e-01
2.800000000000000266e-01 1.202333195505951441e-01
2.810000000000000275e-01 1.201263392380002432e-01
2.820000000000000284e-01 1.200193588127276834e-01
2.830000000000000293e-01 1.199123785574663231e-01
2.839999999999999747e-01 1.198053988458461089e-01
2.850000000000000311e-01 1.196984188165673146e-01
2.859999999999999765e-01 1.195914384496611360e-01
2.870000000000000329e-01 1.194844581195043387e-01
2.880000000000000338e-01 1.193774777410185339e-01
2.890000000000000346e-01 1.192704974744352303e-01
2.900000000000000355e-01 1.191635176661355322e-01
2.910000000000000364e-01 1.190565377210573983e-01
2.920000000000000373e-01 1.189495573259646277e-01
2.929999999999999827e-01 1.188425770188751562e-01
2.940000000000000391e-01 1.187355966833170684e-01
2.949999999999999845e-01 1.186286163096540724e-01
2.960000000000000409e-01 1.185216359562070026e-01
2.969999999999999862e-01 1.184146559212344990e-01
2.980000000000000426e-01 1.183076761223743889e-01
2.989999999999999880e-01 1.182006959526664541e-01
3.000000000000000444e-01 1.180937155743632672e-01
3.010000000000000453e-01 1.179867352242943285e-01
3.019999999999999907e-01 1.178797548652841531e-01
3.030000000000000471e-01 1.177727745023800093e-01
3.039999999999999925e-01 1.176657942665978451e-01
3.050000000000000488e-01 1.175588143960897836e-01
3.059999999999999942e-01 1.174518344493190175e-01
3.070000000000000506e-01 1.173448541353219049e-01
3.079999999999999960e-01 1.172378737755752909e-01
3.090000000000000524e-01 1.171308934678812752e-01
3.099999999999999978e-01 1.170239131366363206e-01
3.109999999999999987e-01 1.169169327161004163e-01
3.119999999999999996e-01 1.168099526128316967e-01
3.130000000000000004e-01 1.167029728716729997e-01
3.140000000000000568e-01 1.165959927602518709e-01
3.150000000000000022e-01 1.164890123937333127e-01
3.160000000000000586e-01 1.163820320411853015e-01
3.170000000000000040e-01 1.162750516521568744e-01
3.180000000000000604e-01 1.161680714567417810e-01
3.190000000000000058e-01 1.160610916566279238e-01
3.200000000000000067e-01 1.159541116100683139e-01
3.210000000000000075e-01 1.158471312494800259e-01
3.220000000000000084e-01 1.157401509370091647e-01
3.230000000000000093e-01 1.156331705881747524e-01
3.240000000000000102e-01 1.155261902222059905e-01
3.250000000000000111e-01 1.154192099164294966e-01
3.260000000000000120e-01 1.153122299559685843e-01
3.270000000000000684e-01 1.152052500996022105e-01
3.280000000000000138e-01 1.150982698645915542e-01
3.290000000000000702e-01 1.149912894849651201e-01
3.300000000000000155e-01 1.148843091254587029e-01
3.310000000000000164e-01 1.147773288085110061e-01
3.320000000000000173e-01 1.146703484560897685e-01
3.330000000000000182e-01 1.145633682160682731e-01
3.340000000000000191e-01 1.144563884057403641e-01
3.350000000000000200e-01 1.143494084033588598e-01
3.360000000000000209e-01 1.142424280742555948e-01
3.370000000000000218e-01 1.141354477539947426e-01
3.380000000000000226e-01 1.140284673723810649e-01
3.390000000000000235e-01 1.139214870425436649e-01
3.400000000000000244e-01 1.138145072084478376e-01
3.410000000000000253e-01 1.137075273405042941e-01
3.420000000000000262e-01 1.136005469751487501e-01
3.430000000000000271e-01 1.134935666383211778e-01
3.440000000000000280e-01 1.133865863088688586e-01
3.450000000000000289e-01 1.132796059400969224e-01
3.460000000000000298e-01 1.131726255494641259e-01
3.470000000000000306e-01 1.130656454480576667e-01
3.480000000000000315e-01 1.129586656848538678e-01
3.489999999999999769e-01 1.128516855792944251e-01
3.500000000000000333e-01 1.127447052064151495e-01
3.510000000000000342e-01 1.126377248464186520e-01
3.520000000000000351e-01 1.125307445144818480e-01
3.530000000000000360e-01 1.124237641689323358e-01
3.540000000000000369e-01 1.123167838997985168e-01
3.550000000000000377e-01 1.122098040229498050e-01
3.560000000000000386e-01 1.121028238370109648e-01
3.570000000000000395e-01 1.119958443295225592e-01
3.579999999999999849e-01 1.118888630455751182e-01
3.590000000000000413e-01 1.117818838044515872e-01
3.599999999999999867e-01 1.116749043060689256e-01
3.610000000000000431e-01 1.115678912529219635e-01
3.619999999999999885e-01 1.114610733977969975e-01
3.630000000000000449e-01 1.113537244247722324e-01
3.640000000000000457e-01 1.112472834243754677e-01
3.650000000000000466e-01 1.111512865964799923e-01
3.660000000000000475e-01 1.110722064848626706e-01
3.669999999999999929e-01 1.110075664433710918e-01
3.680000000000000493e-01 1.109514463679174556e-01
3.689999999999999947e-01 1.108997257376623941e-01
3.700000000000000511e-01 1.108491702687913055e-01
3.709999999999999964e-01 1.107981675458760418e-01
3.720000000000000528e-01 1.107468742702503589e-01
3.729999999999999982e-01 1.106957291747954208e-01
3.740000000000000546e-01 1.106446545852248498e-01
3.750000000000000000e-01 1.105935324038218176e-01
3.760000000000000009e-01 1.105423910360821410e-01
3.770000000000000573e-01 1.104912621038891957e-01
3.780000000000000027e-01 1.104401385177309486e-01
3.790000000000000591e-01 1.103890123941293627e-01
3.800000000000000044e-01 1.103378849203028450e-01
3.810000000000000608e-01 1.102867582870966784e-01
3.820000000000000062e-01 1.102356319019467124e-01
3.830000000000000626e-01 1.101845049494688672e-01
3.840000000000000080e-01 1.101333780973953874e-01
3.850000000000000089e-01 1.100822516249304189e-01
3.860000000000000098e-01 1.100311250028600807e-01
3.870000000000000107e-01 1.099799981241014191e-01
3.880000000000000115e-01 1.099288713785543520e-01
3.890000000000000124e-01 1.098777448715893418e-01
3.900000000000000688e-01 1.098266182066627572e-01
3.910000000000000142e-01 1.097754912491064050e-01
3.920000000000000706e-01 1.097243644709674365e-01
3.930000000000000160e-01 1.096732380560473258e-01
3.940000000000000169e-01 1.096221114382424089e-01
3.950000000000000178e-01 1.095709845309714991e-01
3.960000000000000187e-01 1.095198577733590278e-01
3.970000000000000195e-01 1.094687312577266314e-01
3.980000000000000204e-01 1.094176045948300618e-01
3.990000000000000213e-01 1.093664776712035686e-01
4.000000000000000222e-01 1.093153509164679210e-01
4.010000000000000231e-01 1.092642244692443171e-01
4.020000000000000240e-01 1.092130978754965731e-01
4.030000000000000249e-01 1.091619709194916188e-01
4.040000000000000258e-01 1.091108441541605995e-01
4.050000000000000266e-01 1.090597176564405690e-01
4.060000000000000275e-01 1.090085910057160129e-01
4.070000000000000284e-01 1.089574640942628514e-01
4.080000000000000293e-01 1.089063373359667880e-01
4.090000000000000302e-01 1.088552108565456200e-01
4.100000000000000311e-01 1.088040842346567616e-01
4.110000000000000320e-01 1.087529573061251920e-01
4.119999999999999774e-01 1.087018305276074986e-01
4.130000000000000338e-01 1.086507040737016844e-01
4.140000000000000346e-01 1.085995774346220494e-01
4.150000000000000355e-01 1.085484505080855505e-01
4.160000000000000364e-01 1.084973237345554509e-01
4.170000000000000373e-01 1.084461972429958954e-01
4.180000000000000382e-01 1.083950706252111290e-01
4.190000000000000391e-01 1.083439437337337524e-01
4.200000000000000400e-01 1.082928169447996969e-01
4.209999999999999853e-01 1.082416904634294491e-01
4.220000000000000417e-01 1.081905639223689486e-01
4.229999999999999871e-01 1.081394370251759357e-01
4.240000000000000435e-01 1.080883099409907511e-01
4.249999999999999889e-01 1.080371829429890296e-01
4.260000000000000453e-01 1.079860562487609810e-01
4.270000000000000462e-01 1.079349297694024434e-01
4.280000000000000471e-01 1.078838031274630405e-01
4.290000000000000480e-01 1.078326762213907969e-01
4.299999999999999933e-01 1.077815494615102787e-01
4.310000000000000497e-01 1.077304229996973728e-01
4.319999999999999951e-01 1.076792963882741289e-01
4.330000000000000515e-01 1.076281694235283193e-01
4.339999999999999969e-01 1.075770426375230876e-01
4.350000000000000533e-01 1.075259161456426638e-01
4.359999999999999987e-01 1.074747895304999645e-01
4.370000000000000551e-01 1.074236626501171993e-01
4.380000000000000004e-01 1.073725358847753136e-01
4.390000000000000013e-01 1.073214094011716163e-01
4.400000000000000577e-01 1.072702827709452605e-01
4.410000000000000031e-01 1.072191558184947269e-01
4.420000000000000595e-01 1.071680290147360853e-01
4.430000000000000049e-01 1.071169025553983800e-01
4.440000000000000613e-01 1.070657759507309126e-01
4.450000000000000067e-01 1.070146490673870299e-01
4.460000000000000631e-01 1.069635222983281175e-01
4.470000000000000084e-01 1.069123958002167751e-01
4.480000000000000648e-01 1.068612691689971167e-01
4.490000000000000102e-01 1.068101422278192603e-01
4.500000000000000111e-01 1.067590154354371712e-01
4.510000000000000120e-01 1.067078889637813610e-01
4.520000000000000129e-01 1.066567623744520965e-01
4.530000000000000693e-01 1.066056354701267195e-01
4.540000000000000147e-01 1.065545086932348923e-01
4.550000000000000711e-01 1.065033821925152058e-01
4.560000000000000719e-01 1.064522555681970545e-01
4.570000000000000173e-01 1.064011286340242890e-01
4.580000000000000182e-01 1.063500018294566279e-01
4.590000000000000746e-01 1.062988753340666226e-01
4.599999999999999645e-01 1.062477487319021530e-01
4.610000000000000209e-01 1.061966218593110856e-01
4.620000000000000218e-01 1.061454950866049518e-01
4.630000000000000782e-01 1.060943686029348215e-01
4.640000000000000235e-01 1.060432419774809815e-01
4.650000000000000244e-01 1.059921150393755007e-01
4.660000000000000808e-01 1.059409882189408514e-01
4.669999999999999707e-01 1.058898617327670849e-01
4.680000000000000271e-01 1.058387351412897331e-01
4.690000000000000280e-01 1.057876082812137519e-01
4.700000000000000844e-01 1.057364815008461634e-01
4.709999999999999742e-01 1.056853549848683904e-01
4.720000000000000306e-01 1.056342284334850085e-01
4.730000000000000315e-01 1.055831015497574604e-01
4.740000000000000879e-01 1.055319744586020458e-01
4.749999999999999778e-01 1.054808474467407026e-01
4.760000000000000342e-01 1.054297207461847713e-01
4.770000000000000351e-01 1.053785942832769634e-01
4.779999999999999805e-01 1.053274676665294785e-01
4.790000000000000369e-01 1.052763407914888566e-01
4.800000000000000377e-01 1.052252140093360017e-01
4.810000000000000941e-01 1.051740874958880800e-01
4.819999999999999840e-01 1.051229608856747849e-01
4.830000000000000404e-01 1.050718339382633038e-01
4.840000000000000413e-01 1.050207071323618069e-01
4.849999999999999867e-01 1.049695806689991545e-01
4.859999999999999876e-01 1.049184540848727837e-01
4.870000000000000440e-01 1.048673272132471662e-01
4.880000000000000449e-01 1.048162004296937788e-01
4.889999999999999902e-01 1.047650739096555733e-01
4.900000000000000466e-01 1.047139472903049068e-01
4.910000000000000475e-01 1.046628203634200338e-01
4.920000000000001039e-01 1.046116935319320040e-01
4.929999999999999938e-01 1.045605670627966360e-01
4.940000000000000502e-01 1.045094404909093222e-01
4.950000000000000511e-01 1.044583136035910770e-01
4.959999999999999964e-01 1.044071868198806208e-01
4.969999999999999973e-01 1.043560603003571285e-01
4.980000000000000537e-01 1.043049336813950262e-01
4.990000000000000546e-01 1.042538067797975643e-01
5.000000000000000000e-01 1.042026799720446040e-01
5.010000000000000009e-01 1.041515534711419666e-01
5.020000000000000018e-01 1.041004269021589407e-01
5.030000000000000027e-01 1.040492999917587841e-01
5.040000000000000036e-01 1.039981731969975981e-01
5.050000000000000044e-01 1.039470466999350834e-01
5.060000000000001164e-01 1.038959200948718353e-01
5.070000000000000062e-01 1.038447931979089300e-01
5.080000000000000071e-01 1.037936663868142956e-01
5.090000000000000080e-01 1.037425398626135448e-01
5.100000000000001199e-01 1.036914132698961155e-01
5.110000000000000098e-01 1.036402863889623188e-01
5.120000000000000107e-01 1.035891595816772620e-01
5.130000000000000115e-01 1.035380331180588698e-01
5.140000000000000124e-01 1.034869065286215667e-01
5.150000000000000133e-01 1.034357796087579662e-01
5.160000000000000142e-01 1.033846527813481048e-01
5.170000000000001261e-01 1.033335262524949644e-01
5.180000000000000160e-01 1.032823996607186157e-01
5.190000000000000169e-01 1.032312728068097568e-01
5.200000000000000178e-01 1.031801460225734157e-01
5.210000000000001297e-01 1.031290195344429922e-01
5.220000000000000195e-01 1.030778929543228611e-01
5.230000000000000204e-01 1.030267660105642635e-01
5.240000000000000213e-01 1.029756391503296176e-01
5.250000000000000222e-01 1.029245126333755561e-01
5.260000000000000231e-01 1.028733860978111314e-01
5.270000000000000240e-01 1.028222592655073930e-01
5.280000000000000249e-01 1.027711322315487119e-01
5.290000000000000258e-01 1.027200052378987455e-01
5.300000000000000266e-01 1.026688785062233045e-01
5.310000000000000275e-01 1.026177520340200988e-01
5.320000000000000284e-01 1.025666254363327423e-01
5.330000000000000293e-01 1.025154985000989727e-01
5.340000000000000302e-01 1.024643716829207324e-01
5.350000000000000311e-01 1.024132451617618261e-01
5.360000000000000320e-01 1.023621185750457768e-01
5.370000000000000329e-01 1.023109917276803643e-01
5.380000000000000338e-01 1.022598649350444089e-01
5.390000000000000346e-01 1.022087384183098663e-01
5.400000000000000355e-01 1.021576118253940818e-01
5.410000000000000364e-01 1.021064849088162835e-01
5.420000000000000373e-01 1.020553580724567061e-01
5.430000000000000382e-01 1.020042315691823270e-01
5.440000000000000391e-01 1.019531049973509546e-01
5.450000000000000400e-01 1.019019781437709160e-01
5.460000000000000409e-01 1.018508513456271303e-01
5.470000000000000417e-01 1.017997248130124849e-01
5.480000000000000426e-01 1.017485982186719373e-01
5.490000000000000435e-01 1.016974713156526960e-01
5.500000000000000444e-01 1.016463444888730527e-01
5.510000000000000453e-01 1.015952179783310427e-01
5.520000000000000462e-01 1.015440914043967552e-01
5.530000000000000471e-01 1.014929645293242561e-01
5.540000000000000480e-01 1.014418377622659934e-01
5.550000000000000488e-01 1.013907112716022768e-01
5.560000000000000497e-01 1.013395845268189877e-01
5.570000000000000506e-01 1.012884574343905775e-01
5.580000000000000515e-01 1.012373311305513890e-01
5.590000000000000524e-01 1.011862051545567437e-01
5.600000000000000533e-01 1.011350766649974503e-01
5.609999999999999432e-01 1.010839480001318735e-01
5.620000000000000551e-01 1.010328287672350722e-01
5.630000000000000560e-01 1.009817120118397249e-01
5.640000000000000568e-01 1.009305553051946941e-01
5.650000000000000577e-01 1.008793902546769872e-01
5.660000000000000586e-01 1.008283696058757811e-01
5.670000000000000595e-01 1.007774229648055742e-01
5.679999999999999494e-01 1.007259452221698076e-01
5.690000000000000613e-01 1.006729436392659882e-01
5.700000000000000622e-01 1.006168743779002478e-01
5.710000000000000631e-01 1.005559896771310718e-01
5.719999999999999529e-01 1.004886791727366002e-01
5.730000000000000648e-01 1.004132556586871533e-01
5.740000000000000657e-01 1.003270706116160538e-01
5.750000000000000666e-01 1.002289719231034271e-01
5.760000000000000675e-01 1.001173709340806017e-01
5.770000000000000684e-01 9.999016811826250128e-02
5.780000000000000693e-01 9.984630583426923334e-02
5.789999999999999591e-01 9.968431219472551064e-02
5.800000000000000711e-01 9.950259472991515586e-02
5.810000000000000719e-01 9.929955365973371084e-02
5.820000000000000728e-01 9.907314372062436814e-02
5.829999999999999627e-01 9.882091991503796913e-02
5.840000000000000746e-01 9.853982389120005680e-02
5.850000000000000755e-01 9.823007469265628011e-02
5.859999999999999654e-01 9.788866418316687079e-02
5.869999999999999662e-01 9.751518190276729781e-02
5.880000000000000782e-01 9.710887403775932125e-02
5.890000000000000790e-01 9.666899524353572692e-02
5.899999999999999689e-01 9.619451339204551643e-02
5.910000000000000808e-01 9.568387007567788483e-02
5.920000000000000817e-01 9.513670323856306121e-02
5.930000000000000826e-01 9.455287714320183279e-02
5.939999999999999725e-01 9.392860688941069569e-02
5.950000000000000844e-01 9.326413604695217574e-02
5.960000000000000853e-01 9.256005435517215829e-02
5.969999999999999751e-01 9.181617825297919144e-02
5.979999999999999760e-01 9.103145270047072191e-02
5.990000000000000879e-01 9.020408827557174769e-02
6.000000000000000888e-01 8.933299554352576444e-02
6.009999999999999787e-01 8.841822114143937927e-02
6.020000000000000906e-01 8.746056529171400418e-02
6.030000000000000915e-01 8.646671547117862344e-02
6.039999999999999813e-01 8.544955318012419088e-02
6.049999999999999822e-01 8.442969899067623296e-02
6.060000000000000941e-01 8.342354051504090318e-02
6.070000000000000950e-01 8.244776478665562236e-02
6.079999999999999849e-01 8.151949930763857655e-02
6.089999999999999858e-01 8.065382920764976871e-02
6.100000000000000977e-01 7.986499892701921788e-02
6.110000000000000986e-01 7.916604755857327425e-02
6.119999999999999885e-01 7.855947965236456665e-02
6.129999999999999893e-01 7.803239947443972591e-02
6.140000000000001013e-01 7.756551001838604686e-02
6.149999999999999911e-01 7.714356328799411300e-02
6.159999999999999920e-01 7.676437466617049010e-02
6.170000000000001039e-01 7.642499870878960433e-02
6.180000000000001048e-01 7.612210784554514220e-02
6.189999999999999947e-01 7.585350003795475471e-02
6.199999999999999956e-01 7.561704119342788077e-02
6.210000000000001075e-01 7.541065683117369189e-02
6.219999999999999973e-01 7.523324355558433374e-02
6.229999999999999982e-01 7.508271608121616647e-02
6.239999999999999991e-01 7.495834998518498271e-02
6.250000000000001110e-01 7.485650709682128978e-02
6.260000000000000009e-01 7.477415636568043866e-02
6.270000000000000018e-01 7.470940461356140316e-02
6.280000000000001137e-01 7.466034184607941993e-02
6.290000000000001146e-01 7.462457990221668669e-02
6.300000000000000044e-01 7.459793319502065756e-02
6.310000000000000053e-01 7.457446162640599119e-02
6.320000000000001172e-01 7.455080950511280835e-02
6.330000000000000071e-01 7.452720342835222889e-02
6.340000000000000080e-01 7.450362151722300652e-02
6.350000000000000089e-01 7.448001458097355809e-02
6.360000000000001208e-01 7.445641424991687740e-02
6.370000000000000107e-01 7.443281392490912196e-02
6.380000000000000115e-01 7.440921345725584612e-02
6.390000000000000124e-01 7.438561269119907393e-02
6.400000000000000133e-01 7.436201177993850830e-02
6.410000000000000142e-01 7.433841143462602274e-02
6.420000000000000151e-01 7.431481102719819654e-02
6.430000000000001270e-01 7.429121010585257312e-02
6.440000000000000169e-01 7.426760937065901569e-02
6.450000000000000178e-01 7.424400903882220903e-02
6.460000000000000187e-01 7.422040841502021424e-02
6.470000000000001306e-01 7.419680749986669321e-02
6.480000000000000204e-01 7.417320699440795029e-02
6.490000000000000213e-01 7.414960662935835001e-02
6.500000000000000222e-01 7.412600596556551125e-02
6.510000000000000231e-01 7.410240560513299546e-02
6.520000000000000240e-01 7.407880505460812115e-02
6.530000000000000249e-01 7.405520411309722550e-02
6.540000000000001368e-01 7.403160353605732491e-02
6.550000000000000266e-01 7.400800321241648994e-02
6.560000000000000275e-01 7.398440244735371429e-02
6.570000000000000284e-01 7.396080154035092336e-02
6.580000000000001403e-01 7.393720113340697397e-02
6.590000000000000302e-01 7.391360072984660967e-02
6.600000000000000311e-01 7.388999985314642638e-02
6.610000000000000320e-01 7.386639911644084233e-02
6.620000000000000329e-01 7.384279877256290370e-02
6.630000000000000338e-01 7.381919817523850680e-02
6.640000000000000346e-01 7.379559721059396338e-02
6.650000000000000355e-01 7.377199667257232363e-02
6.660000000000000364e-01 7.374839636309420132e-02
6.670000000000000373e-01 7.372479570026400919e-02
6.680000000000000382e-01 7.370119529374630218e-02
6.690000000000000391e-01 7.367759477068640261e-02
6.700000000000000400e-01 7.365399387699801681e-02
6.710000000000000409e-01 7.363039327505814524e-02
6.720000000000000417e-01 7.360679294748381785e-02
6.730000000000000426e-01 7.358319219049234972e-02
6.740000000000000435e-01 7.355959124500860424e-02
6.750000000000000444e-01 7.353599085069607855e-02
6.760000000000000453e-01 7.351239048720643876e-02
6.770000000000000462e-01 7.348878960606768096e-02
6.780000000000000471e-01 7.346518884026276286e-02
6.790000000000000480e-01 7.344158847188120287e-02
6.800000000000000488e-01 7.341798788651639207e-02
6.810000000000000497e-01 7.339438695654823541e-02
6.820000000000000506e-01 7.337078639831119686e-02
6.830000000000000515e-01 7.334718609576172665e-02
6.840000000000000524e-01 7.332358540140432313e-02
6.850000000000000533e-01 7.329998504076731813e-02
6.860000000000000542e-01 7.327638455667301320e-02
6.869999999999999440e-01 7.325278362273029975e-02
6.880000000000000560e-01 7.322918298104486023e-02
6.890000000000000568e-01 7.320558264336950172e-02
6.900000000000000577e-01 7.318198194103139875e-02
6.910000000000000586e-01 7.315838104177214973e-02
6.920000000000000595e-01 7.313478059583469748e-02
6.930000000000000604e-01 7.311118023091926765e-02
6.940000000000000613e-01 7.308757932446277583e-02
6.950000000000000622e-01 7.306397850152487883e-02
6.960000000000000631e-01 7.304037819565373235e-02
6.970000000000000639e-01 7.301677765701518330e-02
6.979999999999999538e-01 7.299317674450177262e-02
6.990000000000000657e-01 7.296957613413980470e-02
7.000000000000000666e-01 7.294597575455473437e-02
7.010000000000000675e-01 7.292237516584992862e-02
7.020000000000000684e-01 7.289877479158617113e-02
7.030000000000000693e-01 7.287517430339218727e-02
7.040000000000000702e-01 7.285157331049638141e-02
7.049999999999999600e-01 7.282797263909086827e-02
7.060000000000000719e-01 7.280437238450078452e-02
7.070000000000000728e-01 7.278077171193540751e-02
7.080000000000000737e-01 7.275717080879137710e-02
7.089999999999999636e-01 7.273357029983980315e-02
7.100000000000000755e-01 7.270996987782660237e-02
7.110000000000000764e-01 7.268636905252549851e-02
7.120000000000000773e-01 7.266276825284027907e-02
7.129999999999999671e-01 7.263916798664106500e-02
7.140000000000000790e-01 7.261556746774613935e-02
7.150000000000000799e-01 7.259196646615627413e-02
7.159999999999999698e-01 7.256836580405084947e-02
7.170000000000000817e-01 7.254476547349472670e-02
7.180000000000000826e-01 7.252116492769142275e-02
7.190000000000000835e-01 7.249756448480274007e-02
7.199999999999999734e-01 7.247396395974110839e-02
7.210000000000000853e-01 7.245036304249134751e-02
7.220000000000000862e-01 7.242676236305584103e-02
7.229999999999999760e-01 7.240316219135300990e-02
7.239999999999999769e-01 7.237956148745558482e-02
7.250000000000000888e-01 7.235596051792750338e-02
7.260000000000000897e-01 7.233235999387119253e-02
7.269999999999999796e-01 7.230875960313157269e-02
7.280000000000000915e-01 7.228515881173450119e-02
7.290000000000000924e-01 7.226155802718275956e-02
7.300000000000000933e-01 7.223795768363731884e-02
7.309999999999999831e-01 7.221435716533129712e-02
7.320000000000000950e-01 7.219075617082260088e-02
7.330000000000000959e-01 7.216715550040994631e-02
7.339999999999999858e-01 7.214355524794352492e-02
7.349999999999999867e-01 7.211995464932850763e-02
7.360000000000000986e-01 7.209635418559422193e-02
7.370000000000000995e-01 7.207275369887740368e-02
7.379999999999999893e-01 7.204915281656658343e-02
7.389999999999999902e-01 7.202555213984199178e-02
7.400000000000001021e-01 7.200195187864870394e-02
7.409999999999999920e-01 7.197835120469059378e-02
7.419999999999999929e-01 7.195475024380165729e-02
7.430000000000001048e-01 7.193114971210942676e-02
7.440000000000001057e-01 7.190754938669810525e-02
7.449999999999999956e-01 7.188394857101845781e-02
7.459999999999999964e-01 7.186034774541280590e-02
7.470000000000001084e-01 7.183674736903244984e-02
7.480000000000001092e-01 7.181314684370525281e-02
7.489999999999999991e-01 7.178954628448606934e-02
7.500000000000000000e-01 7.176594597014170074e-02
7.510000000000001119e-01 7.174234520434145945e-02
7.520000000000000018e-01 7.171874433379318847e-02
7.530000000000000027e-01 7.169514381710991036e-02
7.540000000000001146e-01 7.167154322584920467e-02
7.550000000000001155e-01 7.164794262449113160e-02
7.560000000000000053e-01 7.162434202313305853e-02
7.570000000000000062e-01 7.160074142177498546e-02
7.580000000000001181e-01 7.157714082041691239e-02
7.590000000000000080e-01 7.155354021905883932e-02
7.600000000000000089e-01 7.152993961770075237e-02
7.610000000000000098e-01 7.150633901634269318e-02
7.620000000000001217e-01 7.148273841498462011e-02
7.630000000000000115e-01 7.145913781362653316e-02
7.640000000000000124e-01 7.143553721226844622e-02
7.650000000000000133e-01 7.141193661091038702e-02
7.660000000000001252e-01 7.138833600955231395e-02
7.670000000000000151e-01 7.136473540819424088e-02
7.680000000000000160e-01 7.134113480683616781e-02
7.690000000000001279e-01 7.131753420547808087e-02
7.700000000000000178e-01 7.129393360412000780e-02
7.710000000000000187e-01 7.127033300276193473e-02
7.720000000000000195e-01 7.124673240140386166e-02
7.730000000000001315e-01 7.122313180004578859e-02
7.740000000000000213e-01 7.119953119868771552e-02
7.750000000000000222e-01 7.117593059732962857e-02
7.760000000000000231e-01 7.115232999597156938e-02
7.770000000000001350e-01 7.112872939461349631e-02
7.780000000000000249e-01 7.110512879325542324e-02
7.790000000000000258e-01 7.108152819189733629e-02
7.800000000000001377e-01 7.105792759053926322e-02
7.810000000000000275e-01 7.103432698918119015e-02
7.820000000000000284e-01 7.101072638782310320e-02
7.830000000000000293e-01 7.098712578646504401e-02
7.840000000000001412e-01 7.096352518510697094e-02
7.850000000000000311e-01 7.093992458374888399e-02
7.860000000000000320e-01 7.091632398239079704e-02
7.870000000000000329e-01 7.089272338103273785e-02
7.880000000000000338e-01 7.086912277967466478e-02
7.890000000000000346e-01 7.084552217831659171e-02
7.900000000000000355e-01 7.082192157695850476e-02
7.910000000000000364e-01 7.079832097560043169e-02
7.920000000000000373e-01 7.077472037424235862e-02
7.930000000000000382e-01 7.075111977288428555e-02
7.940000000000000391e-01 7.072751917152621248e-02
7.950000000000001510e-01 7.070391857016813941e-02
7.960000000000000409e-01 7.068031796881006634e-02
7.970000000000000417e-01 7.065671736745199327e-02
7.980000000000000426e-01 7.063311676609390632e-02
7.990000000000000435e-01 7.060951616473583325e-02
8.000000000000000444e-01 7.058591556337777406e-02
8.010000000000000453e-01 7.056231496201968711e-02
8.020000000000000462e-01 7.053871436066161404e-02
8.030000000000000471e-01 7.051511375930352710e-02
8.040000000000000480e-01 7.049151315794546790e-02
8.050000000000000488e-01 7.046791255658738096e-02
8.060000000000000497e-01 7.044431195522930789e-02
8.070000000000000506e-01 7.042071135387123482e-02
8.080000000000000515e-01 7.039711075251316175e-02
8.090000000000000524e-01 7.037351015115508868e-02
8.100000000000000533e-01 7.034990954979701561e-02
8.110000000000000542e-01 7.032630894843892866e-02
8.120000000000000551e-01 7.030270834708086947e-02
8.130000000000000560e-01 7.027910774572276864e-02
8.140000000000000568e-01 7.025550714436470945e-02
8.150000000000000577e-01 7.023190654300665026e-02
8.160000000000000586e-01 7.020830594164856331e-02
8.170000000000000595e-01 7.018470534029049024e-02
8.180000000000000604e-01 7.016110473893241717e-02
8.190000000000000613e-01 7.013750413757433022e-02
8.200000000000000622e-01 7.011390353621625715e-02
8.210000000000000631e-01 7.009030293485818408e-02
8.220000000000000639e-01 7.006670233350012489e-02
8.230000000000000648e-01 7.004310173214203794e-02
8.239999999999999547e-01 7.001950113078395099e-02
8.250000000000000666e-01 6.999590052942589180e-02
8.260000000000000675e-01 6.997229992806780485e-02
8.270000000000000684e-01 6.994869932670973178e-02
8.280000000000000693e-01 6.992509872535164483e-02
8.290000000000000702e-01 6.990149812399355789e-02
8.300000000000000711e-01 6.987789752263548482e-02
8.310000000000000719e-01 6.985429692127741175e-02
8.320000000000000728e-01 6.983069631991932480e-02
8.330000000000000737e-01 6.980709571856126561e-02
8.340000000000000746e-01 6.978349511720319254e-02
8.349999999999999645e-01 6.975989451584511947e-02
8.360000000000000764e-01 6.973629391448703252e-02
8.370000000000000773e-01 6.971269331312895945e-02
8.380000000000000782e-01 6.968909271177088638e-02
8.390000000000000790e-01 6.966549211041281331e-02
8.400000000000000799e-01 6.964189150905472636e-02
8.410000000000000808e-01 6.961829090769665329e-02
8.419999999999999707e-01 6.959469030633858022e-02
8.430000000000000826e-01 6.957108970498050715e-02
8.440000000000000835e-01 6.954748910362242020e-02
8.450000000000000844e-01 6.952388850226436101e-02
8.459999999999999742e-01 6.950028790090628794e-02
8.470000000000000862e-01 6.947668729954820099e-02
8.480000000000000870e-01 6.945308669819012792e-02
8.490000000000000879e-01 6.942948609683206873e-02
8.499999999999999778e-01 6.940588549547398178e-02
8.510000000000000897e-01 6.938228489411592259e-02
8.520000000000000906e-01 6.935868429275783564e-02
8.529999999999999805e-01 6.933508369139976257e-02
8.540000000000000924e-01 6.931148309004168950e-02
8.550000000000000933e-01 6.928788248868358868e-02
8.560000000000000941e-01 6.926428188732552949e-02
8.569999999999999840e-01 6.924068128596747029e-02
8.580000000000000959e-01 6.921708068460938335e-02
8.590000000000000968e-01 6.919348008325131028e-02
8.599999999999999867e-01 6.916987948189323721e-02
8.609999999999999876e-01 6.914627888053516414e-02
8.620000000000000995e-01 6.912267827917707719e-02
8.630000000000001004e-01 6.909907767781900412e-02
8.639999999999999902e-01 6.907547707646093105e-02
8.650000000000001021e-01 6.905187647510284410e-02
8.660000000000001030e-01 6.902827587374477103e-02
8.670000000000001039e-01 6.900467527238669796e-02
8.679999999999999938e-01 6.898107467102862489e-02
8.690000000000001057e-01 6.895747406967055182e-02
8.700000000000001066e-01 6.893387346831247875e-02
8.709999999999999964e-01 6.891027286695440568e-02
8.719999999999999973e-01 6.888667226559633261e-02
8.730000000000001092e-01 6.886307166423824566e-02
8.740000000000001101e-01 6.883947106288017259e-02
8.750000000000000000e-01 6.881587046152211340e-02
8.760000000000000009e-01 6.879226986016402645e-02
8.770000000000001128e-01 6.876866925880595338e-02
8.780000000000000027e-01 6.874506865744788031e-02
8.790000000000000036e-01 6.872146805608979336e-02
8.800000000000001155e-01 6.869786745473173417e-02
8.810000000000001164e-01 6.867426685337364722e-02
8.820000000000000062e-01 6.865066625201557415e-02
8.830000000000000071e-01 6.862706565065750108e-02
8.840000000000001190e-01 6.860346504929942801e-02
8.850000000000001199e-01 6.857986444794135494e-02
8.860000000000000098e-01 6.855626384658328187e-02
8.870000000000000107e-01 6.853266324522520880e-02
8.880000000000001226e-01 6.850906264386712186e-02
8.890000000000000124e-01 6.848546204250906266e-02
8.900000000000000133e-01 6.846186144115097572e-02
8.910000000000001252e-01 6.843826083979290265e-02
8.920000000000001261e-01 6.841466023843481570e-02
8.930000000000000160e-01 6.839105963707675651e-02
8.940000000000000169e-01 6.836745903571866956e-02
8.950000000000001288e-01 6.834385843436061037e-02
8.960000000000001297e-01 6.832025783300252342e-02
8.970000000000000195e-01 6.829665723164445035e-02
8.980000000000000204e-01 6.827305663028637728e-02
8.990000000000001323e-01 6.824945602892830421e-02
9.000000000000000222e-01 6.822585542757021726e-02
9.010000000000000231e-01 6.820225482621214419e-02
9.020000000000000240e-01 6.817865422485407112e-02
9.030000000000001359e-01 6.815505362349599805e-02
9.040000000000000258e-01 6.813145302213791110e-02
9.050000000000000266e-01 6.810785242077985191e-02
9.060000000000001386e-01 6.808425181942177884e-02
9.070000000000000284e-01 6.806065121806369189e-02
9.080000000000000293e-01 6.803705061670561882e-02
9.090000000000000302e-01 6.801345001534754575e-02
9.100000000000001421e-01 6.798984941398943105e-02
9.110000000000001430e-01 6.796624881263135798e-02
9.120000000000001439e-01 6.794264821127328491e-02
9.130000000000000338e-01 6.791904760991521184e-02
9.140000000000000346e-01 6.789544700855713877e-02
9.150000000000000355e-01 6.787184640719905182e-02
9.160000000000000364e-01 6.784824580584097875e-02
9.170000000000001483e-01 6.782464520448290568e-02
9.180000000000001492e-01 6.780104460312483261e-02
9.190000000000001501e-01 6.777744400176675954e-02
9.199999999999999289e-01 6.775384340040868647e-02
9.210000000000000409e-01 6.773024279905061340e-02
9.220000000000000417e-01 6.770664219769254033e-02
9.230000000000000426e-01 6.768304159633445338e-02
9.240000000000000435e-01 6.765944099497638031e-02
9.250000000000001554e-01 6.763584039361829336e-02
9.260000000000001563e-01 6.761223979226023417e-02
9.269999999999999352e-01 6.758863919090216110e-02
9.280000000000000471e-01 6.756503858954407415e-02
9.290000000000000480e-01 6.754143798818600108e-02
9.300000000000000488e-01 6.751783738682794189e-02
9.310000000000000497e-01 6.749423678546985494e-02
9.320000000000001616e-01 6.747063618411178187e-02
9.330000000000001625e-01 6.744703558275369493e-02
9.339999999999999414e-01 6.742343498139562186e-02
9.349999999999999423e-01 6.739983438003756266e-02
9.360000000000000542e-01 6.737623377867947572e-02
9.370000000000000551e-01 6.735263317732140265e-02
9.380000000000000560e-01 6.732903257596332958e-02
9.390000000000000568e-01 6.730543197460525651e-02
9.400000000000001688e-01 6.728183137324718344e-02
9.410000000000001696e-01 6.725823077188909649e-02
9.419999999999999485e-01 6.723463017053102342e-02
9.430000000000000604e-01 6.721102956917296423e-02
9.440000000000000613e-01 6.718742896781487728e-02
9.450000000000000622e-01 6.716382836645680421e-02
9.460000000000000631e-01 6.714022776509873114e-02
9.470000000000001750e-01 6.711662716374065807e-02
9.480000000000001759e-01 6.709302656238257112e-02
9.489999999999999547e-01 6.706942596102451193e-02
9.499999999999999556e-01 6.704582535966642498e-02
9.510000000000000675e-01 6.702222475830835191e-02
9.520000000000000684e-01 6.699862415695027884e-02
9.530000000000000693e-01 6.697502355559220577e-02
9.540000000000000702e-01 6.695142295423413270e-02
9.550000000000001821e-01 6.692782235287605963e-02
9.559999999999999609e-01 6.690422175151798656e-02
9.569999999999999618e-01 6.688062115015989961e-02
9.580000000000000737e-01 6.685702054880182654e-02
9.590000000000000746e-01 6.683341994744375347e-02
9.600000000000000755e-01 6.680981934608568040e-02
9.610000000000000764e-01 6.678621874472760733e-02
9.620000000000001883e-01 6.676261814336952038e-02
9.629999999999999671e-01 6.673901754201146119e-02
9.639999999999999680e-01 6.671541694065338812e-02
9.650000000000000799e-01 6.669181633929530117e-02
9.660000000000000808e-01 6.666821573793722810e-02
9.670000000000000817e-01 6.664461513657915503e-02
9.680000000000000826e-01 6.662101453522108196e-02
9.690000000000001945e-01 6.659741393386300889e-02
9.699999999999999734e-01 6.657381333250492195e-02
9.709999999999999742e-01 6.655021273114684888e-02
9.719999999999999751e-01 6.652661212978877581e-02
9.730000000000000870e-01 6.650301152843070274e-02
9.740000000000000879e-01 6.647941092707262967e-02
9.750000000000000888e-01 6.645581032571454272e-02
9.760000000000000897e-01 6.643220972435648353e-02
9.770000000000002016e-01 6.640860912299839658e-02
9.779999999999999805e-01 6.638500852164032351e-02
9.789999999999999813e-01 6.636140792028226432e-02
9.800000000000000933e-01 6.633780731892419125e-02
9.810000000000000941e-01 6.631420671756610430e-02
9.820000000000000950e-01 6.629060611620803123e-02
9.830000000000000959e-01 6.626700551484994428e-02
9.840000000000002078e-01 6.624340491349187121e-02
9.849999999999999867e-01 6.621980431213379814e-02
9.859999999999999876e-01 6.619620371077572507e-02
9.869999999999999885e-01 6.617260310941765200e-02
9.880000000000001004e-01 6.614900250805957893e-02
9.890000000000001013e-01 6.612540190670150586e-02
9.900000000000001021e-01 6.610180130534341891e-02
9.910000000000001030e-01 6.607820070398534584e-02
9.919999999999999929e-01 6.605460010262727277e-02
9.929999999999999938e-01 6.603099950126919970e-02
9.939999999999999947e-01 6.600739889991112663e-02
9.950000000000001066e-01 6.598379829855305356e-02
9.960000000000001075e-01 6.596019769719496662e-02
9.970000000000001084e-01 6.593659709583690742e-02
9.980000000000001092e-01 6.591299649447882048e-02
9.989999999999999991e-01 6.588939589312074741e-02
1.000000000000000000e+00 6.586579529176267433e-02
