0.0 3.616580474
0.001 3.6169288542199807
0.002 3.617273195878883
0.003 3.6176136362643874
0.004 3.6179503108877116
0.005 3.618283358494891
0.006 3.6186129132320244
0.007 3.6189391122614145
0.008 3.6192620916471565
0.009 3.6195819851178497
0.01 3.619898928262526
0.011000000000000001 3.6202130572240048
0.012 3.6205245054394783
0.013000000000000001 3.6208334078388735
0.014 3.621139899360368
0.015000000000000001 3.621444112311696
0.016 3.6217461826388613
0.017 3.6220462428056988
0.018 3.6223444260680004
0.019000000000000003 3.6226408669299177
0.02 3.6229356977907323
0.021 3.6232290524393975
0.022000000000000002 3.6235210642943216
0.023 3.6238118648638595
0.024 3.6241015869672117
0.025 3.624390364879717
0.026000000000000002 3.6246783302495795
0.027 3.6249656153216705
0.028 3.6252523522012847
0.028999999999999998 3.625538675071931
0.030000000000000002 3.6258247147233598
0.031000000000000003 3.626110603263375
0.032 3.626396474663407
0.033 3.6266824602385115
0.034 3.6269686915608936
0.034999999999999996 3.6272553010122994
0.036 3.6275424224510577
0.037 3.627830186907631
0.038000000000000006 3.6281187270748982
0.03900000000000001 3.628408174108733
0.04 3.628698662619303
0.041 3.6289903232918856
0.042 3.6292832902170575
0.043000000000000003 3.629577694328021
0.044000000000000004 3.6298736694241245
0.045 3.6301713484069214
0.046 3.630470863273361
0.047 3.6307723484491934
0.048 3.631075935754476
0.049 3.6313817591372772
0.05 3.6316899520698556
0.051000000000000004 3.632000647381631
0.052000000000000005 3.6323139799228197
0.053000000000000005 3.6326300836002194
0.054 3.632949091969741
0.055 3.6332711395111166
0.056 3.6335963607447326
0.057 3.6339248900870396
0.057999999999999996 3.6342568634121557
0.059000000000000004 3.634592415259117
0.060000000000000005 3.634931681277181
0.061000000000000006 3.635274797350364
0.062000000000000006 3.635621899195794
0.063 3.635973123424219
0.064 3.6363286051376718
0.065 3.6366884832984487
0.066 3.6370528938405076
0.067 3.637421974249923
0.068 3.6377958631228773
0.069 3.6381746978527167
0.06999999999999999 3.6385586169327393
0.07100000000000001 3.638947759340795
0.072 3.63934226479688
0.07300000000000001 3.6397422721980828
0.074 3.6401479216206116
0.075 3.6405593550289623
0.07600000000000001 3.640976710824291
0.077 3.6414001314942483
0.07800000000000001 3.6418297586652546
0.079 3.642265733672414
0.08 3.6427082018816517
0.081 3.6431573025111215
0.082 3.6436131818704722
0.083 3.644075984717487
0.084 3.6445458488745035
0.08499999999999999 3.6450226674310446
0.08600000000000001 3.6455040331528155
0.08700000000000001 3.6459864217833817
0.08800000000000001 3.646468866643652
0.08900000000000001 3.6469519164024575
0.09 3.647435561538985
0.09100000000000001 3.6479196800392186
0.092 3.6484043225671785
0.093 3.6488894608960414
0.094 3.6493750829538834
0.095 3.6498611812656008
0.096 3.65034774253396
0.097 3.6508347551331677
0.098 3.651322207755485
0.099 3.651810089226185
0.1 3.6522983883640014
0.101 3.652787093621937
0.10200000000000001 3.653276193344332
0.103 3.653765676134793
0.10400000000000001 3.654255531351898
0.105 3.65474574683923
0.10600000000000001 3.655236310643085
0.10700000000000001 3.655727212392609
0.108 3.6562184405426867
0.10900000000000001 3.656709983164223
0.11 3.6572018289417394
0.11100000000000002 3.657693966533979
0.112 3.658186384305543
0.113 3.658679071021728
0.114 3.659172015799448
0.115 3.659665206389627
0.11599999999999999 3.6601586310754395
0.117 3.6606522798677243
0.11800000000000001 3.661146140038688
0.11900000000000001 3.6616402008092876
0.12000000000000001 3.6621344549066817
0.121 3.6626288950017685
0.12200000000000001 3.663123514509285
0.123 3.6636183071190254
0.12400000000000001 3.664113266232579
0.125 3.664608384643621
0.126 3.665103655832129
0.127 3.6655990736153816
0.128 3.666094631151959
0.129 3.6665903216369493
0.13 3.6670861386250166
0.131 3.6675820755069775
0.132 3.6680781250509953
0.133 3.6685742809161654
0.134 3.669070537357473
0.13499999999999998 3.669566886956003
0.136 3.6700633223933465
0.137 3.670559837531779
0.138 3.6710564264485077
0.139 3.6715530820884936
0.13999999999999999 3.672049797258013
0.14100000000000001 3.67254656552929
0.14200000000000002 3.673043380350072
0.14300000000000002 3.67354023550815
0.144 3.674037124402376
0.145 3.6745340392528183
0.14600000000000002 3.6750309740173748
0.14700000000000002 3.675527922329614
0.148 3.6760248770040675
0.149 3.6765218322323516
0.15 3.677018781097385
0.15100000000000002 3.677515715875852
0.15200000000000002 3.6780126303175935
0.153 3.678509518716339
0.154 3.6790063745636568
0.155 3.6795031905228623
0.15600000000000003 3.679999959677282
0.157 3.6804966753973303
0.158 3.68099333105512
0.159 3.681489920194506
0.16 3.6819864365366914
0.16100000000000003 3.6824828734434867
0.162 3.6829792235126426
0.163 3.683475480230095
0.164 3.683971637274324
0.165 3.6844676881622926
0.166 3.6849636264373355
0.167 3.685459444947169
0.168 3.6859551365847842
0.169 3.6864506949381783
0.16999999999999998 3.686946113998223
0.171 3.6874413870894953
0.17200000000000001 3.687936507155392
0.17300000000000001 3.6884314676896013
0.17400000000000002 3.688926262355696
0.175 3.689420881496054
0.17600000000000002 3.689915308529238
0.17700000000000002 3.6904095228135247
0.17800000000000002 3.6909035033242414
0.179 3.6913972311808325
0.18 3.6918906859841307
0.181 3.6923838464320298
0.18200000000000002 3.692876691759644
0.18300000000000002 3.6933692035005383
0.184 3.693861361198241
0.185 3.6943531435427106
0.186 3.69484453000155
0.18700000000000003 3.6953355013450624
0.188 3.6958260376693772
0.189 3.696316118196895
0.19 3.6968057222870794
0.191 3.6972948298945285
0.192 3.6977834210335456
0.193 3.698271475502984
0.194 3.6987589734125392
0.195 3.6992458945974014
0.196 3.699732218151857
0.197 3.70021792356068
0.198 3.700702991460286
0.199 3.7011874023588147
0.2 3.7016711346039224
0.20099999999999998 3.7021541686206447
0.202 3.702636484808517
0.203 3.703118062402228
0.20400000000000001 3.7035988813567196
0.20500000000000002 3.7040789216829455
0.206 3.704558163300656
0.20700000000000002 3.7050365862093715
0.20800000000000002 3.705514170202584
0.20900000000000002 3.705990895096279
0.21 3.706466740910172
0.211 3.706941687726049
0.21200000000000002 3.7074157153458343
0.21300000000000002 3.7078888033389212
0.21400000000000002 3.708360931638014
0.215 3.7088320809699304
0.216 3.7093022316317303
0.21700000000000003 3.7097713625907995
0.21800000000000003 3.710239454188924
0.219 3.710706487005724
0.22 3.711172440719893
0.221 3.7116372943865747
0.22200000000000003 3.712101029223353
0.223 3.712563625856758
0.224 3.7130250620874135
0.225 3.7134853202643394
0.226 3.7139443808719514
0.22700000000000004 3.714402186595191
0.228 3.714858598416586
0.229 3.7153134495424465
0.23 3.7157665696969273
0.231 3.7162178778906525
0.23199999999999998 3.716667423064996
0.233 3.717115268828784
0.234 3.717561431781506
0.23500000000000001 3.7180059091707127
0.23600000000000002 3.7184487097121965
0.237 3.718889851141819
0.23800000000000002 3.7193293495048363
0.23900000000000002 3.7197672175667464
0.24000000000000002 3.7202034678698035
0.241 3.7206381139891658
0.242 3.721071169869104
0.24300000000000002 3.721502649078275
0.24400000000000002 3.721932564861924
0.245 3.722360930592602
0.246 3.7227877599259935
0.247 3.7232130665222205
0.24800000000000003 3.723636863777616
0.24900000000000003 3.724059164974321
0.25 3.724479983629067
0.251 3.724899333491769
0.252 3.725317228105096
0.253 3.7257336806063424
0.254 3.7261487041129717
0.255 3.726562312077313
0.256 3.726974518136579
0.257 3.7273853357886746
0.258 3.7277947783791037
0.259 3.728202859223875
0.26 3.7286095915569932
0.261 3.729014988625506
0.262 3.729419063877681
0.263 3.729821830857567
0.264 3.7302233029150242
0.265 3.730623493187081
0.266 3.7310224148919424
0.267 3.7314200814990333
0.268 3.7318165065104916
0.269 3.7322117031551953
0.26999999999999996 3.732605684500983
0.271 3.7329984637142544
0.272 3.7333900540619793
0.273 3.733780468845569
0.274 3.734169721408665
0.275 3.734557825107648
0.276 3.734944793282675
0.277 3.735330639250105
0.278 3.735715376183188
0.27899999999999997 3.736099017009269
0.27999999999999997 3.73648157472498
0.281 3.736863062647205
0.28200000000000003 3.737243494162777
0.28300000000000003 3.7376228824806454
0.28400000000000003 3.7380012406907923
0.28500000000000003 3.7383785820619453
0.28600000000000003 3.7387549201632546
0.287 3.739130268243132
0.288 3.739504638404774
0.289 3.739878042516351
0.29 3.7402504962922523
0.29100000000000004 3.7406220178226115
0.29200000000000004 3.7409926317622926
0.29300000000000004 3.7413623723701646
0.29400000000000004 3.7417312753750034
0.29500000000000004 3.7420993746731015
0.296 3.7424667035139336
0.297 3.742833295560579
0.298 3.7431991848286277
0.299 3.743564405222728
0.3 3.743928990403467
0.30100000000000005 3.744292974053886
0.30200000000000005 3.744656390178472
0.30300000000000005 3.7450192728987672
0.30400000000000005 3.745381655967231
0.305 3.7457435728060244
0.306 3.7461050569596375
0.307 3.7464661422742456
0.308 3.746826862625416
0.309 3.7471872516557285
0.31 3.747547342892475
0.31100000000000005 3.7479071700947255
0.31200000000000006 3.748266767275679
0.31300000000000006 3.7486261682967
0.314 3.7489854066583703
0.315 3.7493445158372714
0.316 3.7497035296802865
0.317 3.7500624822454847
0.318 3.7504214072097213
0.319 3.750780337716287
0.32 3.7511393071259476
0.321 3.751498349595858
0.32200000000000006 3.7518574993914
0.323 3.752216790073222
0.324 3.752576254800174
0.325 3.752935927161393
0.326 3.753295841304797
0.327 3.7536560312718423
0.328 3.7540165305613153
0.329 3.7543773725214296
0.33 3.7547385908980724
0.331 3.7551002197143313
0.332 3.7554622928335846
0.333 3.755824843894312
0.334 3.756187906548352
0.335 3.756551514590727
0.336 3.7569157018707524
0.337 3.757280502184883
0.338 3.75764594928946
0.339 3.75801207699416
0.33999999999999997 3.7583789192174026
0.34099999999999997 3.75874650989551
0.342 3.7591148830013186
0.343 3.759484072513877
0.34400000000000003 3.7598541122013294
0.34500000000000003 3.7602250356483733
0.34600000000000003 3.7605968766759363
0.34700000000000003 3.7609696695334423
0.34800000000000003 3.7613434484885278
0.349 3.7617182474445467
0.35 3.7620941001395
0.351 3.762471040558833
0.35200000000000004 3.762849102918908
0.35300000000000004 3.7632283213772633
0.35400000000000004 3.763608729950258
0.35500000000000004 3.7639903626488
0.35600000000000004 3.7643732535954766
0.35700000000000004 3.7647574369918737
0.358 3.765142947124449
0.359 3.7655298184019164
0.36 3.765918085154516
0.361 3.766307781473718
0.362 3.766698941428792
0.36300000000000004 3.7670915992916614
0.36400000000000005 3.767485789428186
0.36500000000000005 3.7678815463179367
0.36600000000000005 3.7682789045614102
0.367 3.768677898707484
0.368 3.7690785631403574
0.369 3.769480932210105
0.37 3.7698850404085853
0.371 3.7702909223134164
0.372 3.770698612585689
0.37300000000000005 3.7711081459970583
0.37400000000000005 3.771519557328468
0.37500000000000006 3.771932881370355
0.376 3.7723481528587155
0.377 3.77276540619028
0.378 3.773184675570681
0.379 3.7736059962696986
0.38 3.7740294054699914
0.381 3.7744549300974284
0.382 3.7748825527475836
0.38300000000000006 3.775312244103481
0.384 3.7757439731454037
0.385 3.77617770781431
0.386 3.776613416090614
0.387 3.7770510661464143
0.388 3.777490626189778
0.389 3.7779320644544114
0.39 3.7783753491719416
0.391 3.7788204484102224
0.392 3.7792673300982753
0.393 3.7797159622236847
0.394 3.7801663128776246
0.395 3.7806183501003434
0.396 3.7810720417171995
0.397 3.781527355480095
0.398 3.781984259327906
0.399 3.7824427213661727
0.4 3.7829027095123227
0.401 3.78336419128958
0.40199999999999997 3.7838271342163146
0.40299999999999997 3.784291506029559
0.404 3.784757274537973
0.405 3.7852244074559103
0.406 3.7856928724300714
0.40700000000000003 3.786162637075444
0.40800000000000003 3.786633668970922
0.40900000000000003 3.7871059356947074
0.41000000000000003 3.7875794048656584
0.411 3.7880540440977226
0.412 3.7885298207416707
0.413 3.7890067018727773
0.41400000000000003 3.7894846548332883
0.41500000000000004 3.7899636474794782
0.41600000000000004 3.7904436476321757
0.41700000000000004 3.790924622616727
0.41800000000000004 3.79140653952847
0.41900000000000004 3.7918893656220507
0.42 3.7923730682992307
0.421 3.792857614968713
0.422 3.7933429730523365
0.423 3.7938291099322163
0.42400000000000004 3.7943159927330163
0.42500000000000004 3.7948035884822744
0.42600000000000005 3.795291864546236
0.42700000000000005 3.795780788589853
0.42800000000000005 3.796270328055811
0.429 3.7967604499616696
0.43 3.797251121289613
0.431 3.7977423093298577
0.432 3.7982339815241306
0.433 3.7987261051806684
0.43400000000000005 3.7992186474869096
0.43500000000000005 3.7997115756030437
0.43600000000000005 3.80020485662825
0.437 3.8006984576965075
0.438 3.8011923461339867
0.439 3.8016864893514404
0.44 3.8021808546048517
0.441 3.802675408988502
0.442 3.8031701196695584
0.443 3.8036649539994087
0.44400000000000006 3.8041598793245304
0.44500000000000006 3.804654862749775
0.446 3.8051498712780307
0.447 3.805644872092946
0.448 3.8061398325126943
0.449 3.806634720017702
0.45 3.807129502439475
0.451 3.807624147194073
0.452 3.8081186197213546
0.453 3.808612884889891
0.45400000000000007 3.809106913794908
0.455 3.8096006852980557
0.456 3.8100941642971486
0.457 3.8105872791045448
0.458 3.8110799746932322
0.459 3.811572322402102
0.46 3.8120644361137126
0.461 3.8125560817497606
0.462 3.8130466279978705
0.463 3.8135361509584715
0.46399999999999997 3.814026501020442
0.465 3.8145198971224414
0.466 3.815018506591352
0.467 3.8155245044329664
0.468 3.8160385659583085
0.46900000000000003 3.8165601276079304
0.47000000000000003 3.817088782118614
0.47100000000000003 3.817624556512209
0.47200000000000003 3.818167523979843
0.473 3.81871762578701
0.474 3.819274759669702
0.47500000000000003 3.819838857237664
0.47600000000000003 3.820409870313598
0.47700000000000004 3.820987743442318
0.47800000000000004 3.8215724130111397
0.47900000000000004 3.8221638157702484
0.48000000000000004 3.822761889987869
0.48100000000000004 3.8233665740763416
0.482 3.8239778059082687
0.483 3.8245955231241324
0.484 3.8252196623410546
0.48500000000000004 3.8258501595549452
0.48600000000000004 3.8264869507921375
0.48700000000000004 3.8271299722421457
0.48800000000000004 3.827779159618752
0.48900000000000005 3.8284344478171075
0.49 3.8290957713690426
0.491 3.8297630646146845
0.492 3.8304362616824754
0.493 3.8311152964115514
0.494 3.831800102326228
0.49500000000000005 3.832490612505662
0.49600000000000005 3.833186759361498
0.49700000000000005 3.8338884751696973
0.49800000000000005 3.834595691959057
0.499 3.835308341599091
0.5 3.836026355449015
0.501 3.8367496646515367
0.502 3.8374782000181176
0.503 3.8382118921551047
0.504 3.8389506711243553
0.505 3.8396944664388766
0.506 3.8404432076929935
0.507 3.8411968250132063
0.508 3.8419552471801337
0.509 3.842718399189242
0.51 3.8434862039970104
0.511 3.8442585830095366
0.512 3.8450354563165186
0.513 3.845816743998978
0.514 3.846602365984274
0.515 3.847392242109504
0.516 3.8481862920670986
0.517 3.848984435252869
0.518 3.8497865902881965
0.519 3.85059267551636
0.52 3.8514026089029008
0.521 3.8522163082383813
0.522 3.8530336913743963
0.523 3.8538546762142047
0.524 3.854679180239356
0.525 3.8555071204856337
0.526 3.856338413579045
0.527 3.857172975535802
0.528 3.858010722342305
0.529 3.8588515704596285
0.53 3.859695436352749
0.531 3.8605422356124053
0.532 3.8613918832422014
0.533 3.862244294303519
0.534 3.863099383861251
0.535 3.863957066717928
0.536 3.8648172572323674
0.537 3.865679869816106
0.538 3.866544819165778
0.5389999999999999 3.867412019824258
0.5399999999999999 3.8682813853189226
0.541 3.869152828818466
0.542 3.8700262638961065
0.543 3.8709016043739624
0.544 3.8717787636475887
0.545 3.8726576546929388
0.546 3.8735381904739294
0.547 3.8744202840401893
0.548 3.875303848341775
0.549 3.8761887961193953
0.55 3.877075039901935
0.551 3.877962491758791
0.552 3.878851063585412
0.553 3.879740668041377
0.554 3.8806312183162675
0.555 3.8815226260378117
0.556 3.882414800609435
0.5569999999999999 3.8833076547559497
0.5579999999999999 3.8842011077847824
0.5589999999999999 3.8850950932376738
0.5599999999999999 3.8859895941108555
0.5609999999999999 3.886884606413502
0.562 3.8877801223787247
0.5630000000000001 3.8886761326101387
0.5640000000000001 3.8895726280959777
0.5650000000000001 3.8904696001273544
0.5660000000000001 3.891367040028199
0.5670000000000001 3.892264939117504
0.5680000000000001 3.893163288793877
0.5690000000000001 3.8940620805995643
0.5700000000000001 3.8949613060226413
0.5710000000000001 3.8958609562834376
0.5720000000000001 3.8967610225423455
0.5730000000000001 3.897661496238306
0.574 3.898562368968883
0.575 3.8994636320988807
0.576 3.9003652767608425
0.577 3.901267294224091
0.578 3.9021696759862508
0.579 3.9030724134369423
0.58 3.903975497610684
0.581 3.9048789195636275
0.5820000000000001 3.905782670790281
0.5830000000000001 3.906686742906038
0.5840000000000001 3.9075911272333608
0.5850000000000001 3.908495814934709
0.5860000000000001 3.9094007972435896
0.5870000000000001 3.910306065466429
0.5880000000000001 3.9112116108740347
0.5890000000000001 3.912117424667639
0.5900000000000001 3.9130234981095633
0.5910000000000001 3.913929822626573
0.592 3.914836389624193
0.593 3.915743190254228
0.594 3.916650215570035
0.595 3.9175574568354845
0.596 3.918464905478818
0.597 3.9193725528886034
0.598 3.9202803904059005
0.599 3.9211884091894587
0.6 3.9220966000138944
0.601 3.9230049538726126
0.6020000000000001 3.923913462687244
0.6030000000000001 3.9248221184353884
0.6040000000000001 3.9257309119988735
0.6050000000000001 3.9266398338443382
0.6060000000000001 3.9275488750257628
0.6070000000000001 3.9284580269958167
0.6080000000000001 3.9293672815026435
0.6090000000000001 3.9302766310619663
0.61 3.9311860654640767
0.611 3.932095573581291
0.612 3.9330051292306054
0.613 3.933914674945966
0.614 3.9348241397793973
0.615 3.9357334576481677
0.616 3.936642563647791
0.617 3.937551392411382
0.618 3.9384598781288735
0.619 3.939367954946637
0.62 3.940275556919778
0.621 3.9411826181295955
0.6220000000000001 3.9420890727265143
0.6230000000000001 3.94299485493941
0.6240000000000001 3.943899899284335
0.6250000000000001 3.944804140336935
0.6260000000000001 3.9457075124593715
0.627 3.9466099499177636
0.628 3.947511387426764
0.629 3.948411760068982
0.63 3.949311002613043
0.631 3.9502090493759696
0.632 3.951105834889476
0.633 3.9520012941957083
0.634 3.9528953625244037
0.635 3.95378797517322
0.636 3.95467906747723
0.637 3.9555685746896736
0.638 3.9564564320246696
0.639 3.9573425747921456
0.64 3.9582269384231825
0.641 3.959109458685481
0.642 3.9599900719371433
0.6430000000000001 3.960868714372096
0.6440000000000001 3.9617453215409157
0.645 3.9626198290647445
0.646 3.963492173646269
0.647 3.9643622923743314
0.648 3.965230121885525
0.649 3.966095598534194
0.65 3.9669586590075583
0.651 3.967819240299883
0.652 3.9686772797153074
0.653 3.9695327149866153
0.654 3.9703854837892476
0.655 3.9712355233597934
0.656 3.97208277101987
0.657 3.9729271649879863
0.658 3.9737686439711446
0.659 3.9746071463733155
0.66 3.975442610392501
0.661 3.9762749746939905
0.662 3.9771041786092227
0.6629999999999999 3.9779301613844034
0.664 3.978752861936729
0.665 3.979572219314205
0.666 3.9803881733236826
0.667 3.981200664050088
0.668 3.98200963165832
0.669 3.9828150163767497
0.67 3.9836167587895743
0.671 3.98441479980627
0.672 3.985209080342057
0.673 3.9859995411948317
0.674 3.986786123656461
0.675 3.987568770311918
0.676 3.9883474235541776
0.677 3.989122022822297
0.678 3.9898925072154974
0.679 3.990658825996855
0.6799999999999999 3.9914209363108775
0.6809999999999999 3.9921787682061165
0.6819999999999999 3.9929322109069054
0.6829999999999999 3.9936812170342972
0.684 3.994425912053324
0.685 3.9951663198884777
0.686 3.9959018417005066
0.687 3.9966317971225127
0.6880000000000001 3.9973575001014856
0.6890000000000001 3.998081522674684
0.6900000000000001 3.998806465354049
0.6910000000000001 3.9995348864106086
0.6920000000000001 4.000267864999145
0.6930000000000001 4.001004887398727
0.6940000000000001 4.001745681901683
0.6950000000000001 4.002490372094871
0.6960000000000001 4.003238993658661
0.6970000000000001 4.003991482623417
0.698 4.004747800815268
0.699 4.005507935492176
0.7 4.006271866149876
0.701 4.007039565652966
0.702 4.007811008884766
0.703 4.008586172255224
0.7040000000000001 4.009365031324648
0.7050000000000001 4.010147561108288
0.7060000000000001 4.010933737195068
0.7070000000000001 4.01172353544442
0.7080000000000001 4.012516930944263
0.7090000000000001 4.013313898364108
0.7100000000000001 4.014114412649911
0.7110000000000001 4.014918448848142
0.7120000000000001 4.015725981765778
0.7130000000000001 4.016536986019446
0.7140000000000001 4.01735143611647
0.7150000000000001 4.018169306539315
0.716 4.018990572006775
0.717 4.01981520712287
0.718 4.0206431856712825
0.719 4.021474481303118
0.72 4.022309068492656
0.721 4.023146921715413
0.722 4.023988014475122
0.723 4.024832320163008
0.724 4.0256798125942215
0.7250000000000001 4.026530465580165
0.7260000000000001 4.027384252696706
0.7270000000000001 4.028241147332116
0.7280000000000001 4.029101122654751
0.7290000000000001 4.02996415183031
0.7300000000000001 4.030830208159683
0.7310000000000001 4.031699264822775
0.7320000000000001 4.032571294784721
0.733 4.033446270907658
0.734 4.034324165974324
0.735 4.035204952527921
0.736 4.036088602745045
0.737 4.036975090087305
0.738 4.0378643886051115
0.739 4.038756462520392
0.74 4.039651262877389
0.741 4.040548738028387
0.742 4.041448833816053
0.743 4.042351496178301
0.744 4.04325667124577
0.7450000000000001 4.044164305408658
0.7460000000000001 4.045074345180985
0.7470000000000001 4.045986736404099
0.7480000000000001 4.046901424532149
0.7490000000000001 4.04781835520473
0.7500000000000001 4.048737474094413
0.751 4.04965872652085
0.752 4.050582057599486
0.753 4.051507412531496
0.754 4.052434736498614
0.755 4.05336397456178
0.756 4.054295071646126
0.757 4.055227972483922
0.758 4.056162621658416
0.759 4.057098963538612
0.76 4.0580369425868605
0.761 4.058976503724676
0.762 4.0599175914941705
0.763 4.060860149287789
0.764 4.061804120776879
0.7650000000000001 4.062749450511957
0.7660000000000001 4.063696082880189
0.7670000000000001 4.064643961841703
0.768 4.065593030981044
0.769 4.0665432335570255
0.77 4.067494513283071
0.771 4.068446814414122
0.772 4.069400080729114
0.773 4.070354255445014
0.774 4.071309281984285
0.775 4.072265103969201
0.776 4.073221664820756
0.777 4.074178907764215
0.778 4.075136776006231
0.779 4.076095212752342
0.78 4.077054161352212
0.781 4.078013565207162
0.782 4.078973367495333
0.783 4.079933511312964
0.784 4.080893939847068
0.7850000000000001 4.081854596264789
0.786 4.0828154234997145
0.787 4.083776364502741
0.788 4.084737362468456
0.789 4.085698360768797
0.79 4.086659303028237
0.791 4.087620132398072
0.792 4.088580790962789
0.793 4.0895412214266305
0.794 4.090501368148976
0.795 4.091461174972811
0.796 4.092420584208613
0.797 4.0933795383328615
0.798 4.0943379804763715
0.799 4.095295854330232
0.8 4.096253104279124
0.801 4.09720967357795
0.802 4.0981655042112175
0.803 4.099120539606663
0.8039999999999999 4.100074724457679
0.8049999999999999 4.101028001916167
0.8059999999999999 4.101980314096373
0.807 4.102931605127625
0.808 4.103881820219927
0.809 4.104830902733332
0.81 4.1057787951844915
0.811 4.106725441629639
0.812 4.1076707867883995
0.8130000000000001 4.10861477434868
0.8140000000000001 4.109557347761508
0.8150000000000001 4.1104984514184055
0.8160000000000001 4.111438030069834
0.8170000000000001 4.112376028181865
0.8180000000000001 4.113312390002215
0.8190000000000001 4.114247059342702
0.8200000000000001 4.115179980250108
0.821 4.116111097887119
0.822 4.117040357576304
0.823 4.117967704522915
0.824 4.118893083483777
0.825 4.11981643825856
0.826 4.12073771440043
0.8270000000000001 4.121656860627976
0.8280000000000001 4.122573820074565
0.8290000000000001 4.123488525703107
0.8300000000000001 4.124400948075265
0.8310000000000001 4.125311101538563
0.8320000000000001 4.126219030794136
0.8330000000000001 4.1271248052806415
0.8340000000000001 4.128028491629927
0.8350000000000001 4.128930150153013
0.8360000000000001 4.12982984227666
0.8370000000000001 4.130727630523254
0.8380000000000001 4.131623577092726
0.839 4.132517743888622
0.84 4.133410192793063
0.841 4.134300985653487
0.842 4.135190184200489
0.843 4.136077850046234
0.844 4.136964044277908
0.845 4.137848827834485
0.846 4.138732262394351
0.8470000000000001 4.13961440978987
0.8480000000000001 4.140495331044332
0.8490000000000001 4.141375086847721
0.8500000000000001 4.142253738067026
0.8510000000000001 4.143131345616488
0.8520000000000001 4.144007970338155
0.8530000000000001 4.144883673136383
0.8540000000000001 4.145758515194919
0.8550000000000001 4.146632557331381
0.8560000000000001 4.147505859206781
0.857 4.1483784808241175
0.858 4.149250483966859
0.859 4.150121929964803
0.86 4.150992878088604
0.861 4.151863388117649
0.862 4.152733521604802
0.863 4.153603339349152
0.864 4.154472900410144
0.865 4.1553422646992795
0.866 4.156211493667467
0.8670000000000001 4.157080648084572
0.8680000000000001 4.157949787635214
0.8690000000000001 4.158818972309361
0.8700000000000001 4.159688262616025
0.8710000000000001 4.160557719065844
0.8720000000000001 4.161427402044583
0.8730000000000001 4.162297370884052
0.874 4.163167684467892
0.875 4.16403840703918
0.876 4.164909604977296
0.877 4.165781322853133
0.878 4.166653598731839
0.879 4.167526556980989
0.88 4.16840033983614
0.881 4.169274747873186
0.882 4.170149552646415
0.883 4.17102588782107
0.884 4.171904799922321
0.885 4.172782690920354
0.886 4.1736541567628915
0.887 4.174513657318203
0.8880000000000001 4.175358956464554
0.8890000000000001 4.176190655502722
0.8900000000000001 4.177009130807059
0.8910000000000001 4.177814449067693
0.892 4.178606899347868
0.893 4.1793867074242215
0.894 4.180154086483024
0.895 4.180909260386036
0.896 4.181652447003012
0.897 4.182383860064315
0.898 4.1831037103593625
0.899 4.183812207038995
0.9 4.184509556673952
0.901 4.185195962300792
0.902 4.185871625793465
0.903 4.186536746795417
0.904 4.187191521098573
0.905 4.187836142722922
0.906 4.1884708041679275
0.907 4.189095695599231
0.9080000000000001 4.189711005440782
0.9090000000000001 4.19031692041615
0.91 4.190913624060103
0.911 4.1915012981484185
0.912 4.192080124081434
0.913 4.192650280857472
0.914 4.1932119449313205
0.915 4.193765291973558
0.916 4.194310496508614
0.917 4.194847731341613
0.918 4.195377167164273
0.919 4.195898972994395
0.92 4.19641331743943
0.921 4.196920367769147
0.922 4.197420289456057
0.923 4.197913247021558
0.924 4.198399403913791
0.925 4.198878921716613
0.926 4.199351960989427
0.9269999999999999 4.199818681713179
0.9279999999999999 4.200279247429933
0.929 4.200733815448226
0.93 4.2011825199699935
0.931 4.201625553869325
0.932 4.202063215269197
0.933 4.202495919234583
0.934 4.202924158649589
0.935 4.2033483975571695
0.936 4.203769093313605
0.937 4.204186710543056
0.9380000000000001 4.204601712180504
0.9390000000000001 4.205014558889077
0.9400000000000001 4.205425711878906
0.9410000000000001 4.205835632388909
0.9420000000000001 4.206244781165872
0.9430000000000001 4.206653619320992
0.9440000000000001 4.207062608463568
0.945 4.207472209988858
0.946 4.207882885720886
0.947 4.208295099064368
0.948 4.2087093141493925
0.9490000000000001 4.209125995356298
0.9500000000000001 4.209545608694933
0.9510000000000001 4.2099686218175725
0.9520000000000001 4.210395503161517
0.9530000000000001 4.210826722997897
0.9540000000000001 4.211262754080461
0.9550000000000001 4.211704070816217
0.9560000000000001 4.212151149407482
0.9570000000000001 4.212604468161258
0.9580000000000001 4.2130645078398485
0.9590000000000001 4.213531752298537
0.9600000000000001 4.2140066881353935
0.9610000000000001 4.214489805410486
0.9620000000000001 4.214981596452862
0.963 4.215482556168779
0.964 4.215993185273783
0.965 4.216513987504558
0.966 4.2170454683087755
0.967 4.217588139157542
0.968 4.218142516729894
0.969 4.21870912017808
0.9700000000000001 4.219288473879687
0.9710000000000001 4.219881109735658
0.9720000000000001 4.220487558436204
0.9730000000000001 4.221108355583616
0.9740000000000001 4.221744071010601
0.9750000000000001 4.222395252842814
0.9760000000000001 4.22306230105769
0.9770000000000001 4.223745304705995
0.9780000000000001 4.22444397149074
0.9790000000000001 4.225158054797304
0.98 4.225887327354482
0.981 4.226631541280089
0.982 4.227390444849497
0.983 4.228163785461395
0.984 4.228951308086129
0.985 4.229752754107563
0.986 4.230567860322083
0.987 4.23139636111677
0.988 4.232237988708083
0.989 4.233092471887925
0.9900000000000001 4.23395953602313
0.9910000000000001 4.234838903710712
0.9920000000000001 4.235730294898447
0.9930000000000001 4.23663342673993
0.9940000000000001 4.237548013729135
0.9950000000000001 4.23847376740096
0.9960000000000001 4.239410396350965
0.9970000000000001 4.240357607314094
0.998 4.241315104456698
0.999 4.242282588718404
1.0 4.243259759322661
