0.0 3.616580474
0.001 3.616947076944515
0.002 3.6173092130625646
0.003 3.6176670422644794
0.004 3.618020722958109
0.005 3.618370416636709
0.006 3.618716279380444
0.007 3.619058472174787
0.008 3.619397151996655
0.009000000000000001 3.619732475479267
0.01 3.6200646015239912
0.011 3.620393687630348
0.012 3.620719889101337
0.013000000000000001 3.621043365178591
0.014 3.6213642694644985
0.015 3.6216827603692496
0.016 3.621998993120201
0.017 3.622313122717646
0.018000000000000002 3.622625306080703
0.019 3.622935697790732
0.02 3.6232444538035624
0.021 3.623551729638103
0.022 3.6238576787211145
0.023 3.6241624563036057
0.024 3.624466218676081
0.025 3.6247691190463613
0.026000000000000002 3.625071311992454
0.027 3.6253729518676048
0.028 3.6256741950367437
0.029 3.6259751925299977
0.03 3.626276101485738
0.031 3.6265770754589948
0.032 3.626878268275703
0.033 3.6271798331799174
0.034 3.627481926852681
0.035 3.6277847021981966
0.036000000000000004 3.6280883140440467
0.037 3.6283929152459735
0.038 3.628698662619304
0.039 3.629005708874244
0.04 3.629314210164622
0.041 3.629624319345512
0.042 3.6299361926662774
0.043000000000000003 3.6302499846894936
0.044 3.6305658498833933
0.045 3.6308839449071484
0.046 3.631204423078012
0.047 3.6315274418785566
0.048 3.631853155418304
0.049 3.6321817203746503
0.05 3.6325132935153897
0.051000000000000004 3.6328480305490514
0.052000000000000005 3.6331860879187357
0.053 3.633527622759039
0.054 3.633872791531767
0.055 3.6342217526763965
0.056 3.6345746632278884
0.057 3.6349316812771804
0.058 3.635292965307977
0.059000000000000004 3.635658673681391
0.06 3.6360289655710916
0.061 3.6364039989416614
0.062 3.6367839358804175
0.063 3.6371689344432796
0.064 3.6375591560377147
0.065 3.637954761733571
0.066 3.6383559119307827
0.067 3.638762768831697
0.068 3.6391754945325143
0.069 3.6395942522903537
0.07 3.640019203474437
0.07100000000000001 3.640450514642497
0.07200000000000001 3.640888347229467
0.073 3.6413328665688653
0.074 3.6417842383414016
0.075 3.6422426269760626
0.076 3.6427082018816512
0.077 3.6431811258664215
0.078 3.6436615695349466
0.079 3.6441497003356527
0.08 3.644645684708238
0.081 3.645149047147389
0.082 3.6456563906713795
0.083 3.646164123618287
0.084 3.6466721621334712
0.085 3.647180957855743
0.08600000000000001 3.647690294394844
0.08700000000000001 3.648200200870427
0.088 3.648710669167811
0.089 3.6492216765927283
0.09 3.649733215264667
0.091 3.6502452706952715
0.092 3.650757828864838
0.093 3.6512708765653077
0.094 3.6517844007418776
0.095 3.6522983883640006
0.096 3.6528128259800243
0.097 3.6533276999989766
0.098 3.653842997219817
0.099 3.6543587050966693
0.1 3.6548748092601624
0.101 3.6553912962246886
0.10200000000000001 3.655908153873512
0.10300000000000001 3.656425368184253
0.10400000000000001 3.6569429256440915
0.105 3.6574608130778357
0.106 3.6579790171128184
0.107 3.658497524239203
0.108 3.6590163218481018
0.109 3.6595353963071244
0.11 3.660054733171953
0.111 3.6605743209485047
0.112 3.6610941451628953
0.113 3.6616141927287265
0.114 3.662134454906681
0.115 3.6626549231897876
0.116 3.6631755899008844
0.117 3.663696447666372
0.11800000000000001 3.664217488688238
0.11900000000000001 3.664738704603602
0.12 3.6652600880198
0.121 3.6657816315632155
0.122 3.6663033271053647
0.123 3.666825166940679
0.124 3.6673471435280205
0.125 3.6678692488328997
0.126 3.668391474588109
0.127 3.6689138143666122
0.128 3.6694362600442236
0.129 3.669958802855838
0.13 3.6704814353321793
0.131 3.671004150661137
0.132 3.6715269407748568
0.133 3.672049797258013
0.134 3.6725727125734453
0.135 3.6730956791010922
0.136 3.673618689592821
0.137 3.674141736147351
0.138 3.674664809849261
0.139 3.675187903939688
0.14 3.6757110105166046
0.14100000000000001 3.676234121547586
0.14200000000000002 3.676757230375844
0.14300000000000002 3.677280327900595
0.14400000000000002 3.6778034060253413
0.145 3.6783264579716795
0.146 3.6788494766863593
0.147 3.6793724537455863
0.148 3.6798953809151147
0.149 3.6804182504238967
0.15 3.6809410545349586
0.151 3.6814637856835857
0.152 3.6819864365366897
0.153 3.6825089993584808
0.154 3.6830314655659806
0.155 3.683553827607231
0.156 3.684076078079222
0.157 3.684598209424428
0.158 3.6851202139948955
0.159 3.685642083299575
0.16 3.6861638093300413
0.161 3.6866853848598637
0.162 3.6872068027061586
0.163 3.6877280546285998
0.164 3.6882491327656495
0.165 3.688770029738964
0.166 3.689290736411217
0.167 3.6898112355785946
0.168 3.6903315040225055
0.169 3.6908515169360196
0.17 3.691371252127501
0.171 3.691890685984129
0.17200000000000001 3.692409793686181
0.17300000000000001 3.6929285511369425
0.17400000000000002 3.6934469366974905
0.17500000000000002 3.6939649262225553
0.176 3.694482494961631
0.177 3.6949996193316474
0.178 3.695516276963963
0.179 3.6960324441210477
0.18 3.6965480965612687
0.181 3.6970632104825105
0.182 3.6975777627008695
0.183 3.698091729666271
0.184 3.698605088028697
0.185 3.6991178145315073
0.186 3.6996298849449003
0.187 3.7001412751343765
0.188 3.70065196225392
0.189 3.7011619237861835
0.19 3.7016711346039215
0.191 3.7021795717565786
0.192 3.7026872123265187
0.193 3.70319403212811
0.194 3.7037000078583704
0.195 3.7042051161531107
0.196 3.7047093336163743
0.197 3.705212636887384
0.198 3.705715002340855
0.199 3.70621640654501
0.2 3.7067168262484214
0.201 3.7072162381180234
0.202 3.707714618367583
0.203 3.708211943360716
0.20400000000000001 3.708708190269572
0.20500000000000002 3.7092033366039168
0.20600000000000002 3.7096973578847137
0.20700000000000002 3.710190230906368
0.20800000000000002 3.710681933049877
0.209 3.7111724407198934
0.21 3.7116617295376093
0.211 3.712149777570932
0.212 3.7126365618960833
0.213 3.7131220569680217
0.214 3.71360624303857
0.215 3.714089091140157
0.216 3.714570509782409
0.217 3.71505031426954
0.218 3.7155283110118167
0.219 3.7160043250627606
0.22 3.7164783503601115
0.221 3.716950468725636
0.222 3.717420720381009
0.223 3.71788910464022
0.224 3.7183556270186235
0.225 3.7188203068253776
0.226 3.719283163505322
0.227 3.7197442123254745
0.228 3.7202034678698026
0.229 3.7206609459288362
0.23 3.7211166627492225
0.231 3.7215706341178207
0.232 3.7220228754807794
0.233 3.7224734024990487
0.234 3.722922231136332
0.23500000000000001 3.7233693772512635
0.23600000000000002 3.723814856382427
0.23700000000000002 3.7242586840915073
0.23800000000000002 3.7247008763012395
0.23900000000000002 3.725141448999448
0.24 3.7255804176954532
0.241 3.7260177976291193
0.242 3.7264536043499956
0.243 3.72688785374279
0.244 3.7273205616026517
0.245 3.7277517435158725
0.246 3.728181415019629
0.247 3.728609591556992
0.248 3.72903628857952
0.249 3.729461521776299
0.25 3.7298853069322515
0.251 3.7303076595783016
0.252 3.730728595029718
0.253 3.731148128770381
0.254 3.731566276559416
0.255 3.7319830540613554
0.256 3.7323984765879095
0.257 3.732812559412299
0.258 3.733225317966759
0.259 3.733636767745858
0.26 3.7340469242945304
0.261 3.734455803192108
0.262 3.734863420002264
0.263 3.7352697902674907
0.264 3.7356749293996763
0.265 3.736078852504755
0.266 3.736481574724979
0.267 3.736883111579056
0.268 3.73728347867325
0.269 3.737682691397448
0.27 3.738080765030724
0.271 3.738477715120272
0.272 3.7388735574863867
0.273 3.7392683072534387
0.274 3.739661978188003
0.275 3.740054585319626
0.276 3.740446148956975
0.277 3.7408366923247747
0.278 3.7412262514402137
0.279 3.7416148680941057
0.28 3.742002582498145
0.281 3.742389433493214
0.28200000000000003 3.742775460200751
0.28300000000000003 3.7431607022527995
0.28400000000000003 3.7435451992271007
0.28500000000000003 3.743928990403467
0.28600000000000003 3.744312115068626
0.28700000000000003 3.74469461288849
0.28800000000000003 3.74507652363531
0.289 3.745457886610775
0.29 3.745838740789006
0.291 3.7462191253807804
0.292 3.746599079914286
0.293 3.7469786438227346
0.294 3.7473578562536174
0.295 3.7477367563888238
0.296 3.748115383788924
0.297 3.7484937780899266
0.298 3.748871978514569
0.299 3.749250024055052
0.3 3.749627954049761
0.301 3.750005808214825
0.302 3.7503836259479
0.303 3.7507614459626337
0.304 3.7511393071259462
0.305 3.7515172492437663
0.306 3.751895312251869
0.307 3.7522735352375913
0.308 3.7526519569048413
0.309 3.7530306165701854
0.31 3.7534095541061796
0.311 3.7537888090462546
0.312 3.7541684203186754
0.313 3.7545484269582756
0.314 3.7549288685348188
0.315 3.755309784680051
0.316 3.7556912147200783
0.317 3.7560731978677118
0.318 3.756455773486023
0.319 3.756838981051959
0.32 3.7572228600017397
0.321 3.757607449710479
0.322 3.7579927895983154
0.323 3.7583789192174017
0.324 3.758765878149813
0.325 3.7591537060212996
0.326 3.7595424424484003
0.327 3.759932126778061
0.328 3.7603227981983296
0.329 3.760714496277986
0.33 3.761107261033395
0.331 3.7615011323075387
0.332 3.761896149508945
0.333 3.762292352076277
0.334 3.7626897798253003
0.335 3.763088472654542
0.336 3.7634884702950804
0.337 3.76388981239534
0.338 3.7642925387169917
0.339 3.76469668913341
0.34 3.7651023036092646
0.341 3.765509422264676
0.342 3.765918085154515
0.343 3.7663283320514256
0.34400000000000003 3.7667402027010373
0.34500000000000003 3.767153737087968
0.34600000000000003 3.76756897530845
0.34700000000000003 3.7679859576077863
0.34800000000000003 3.768404724347787
0.34900000000000003 3.7688253157713185
0.35000000000000003 3.769247771942396
0.35100000000000003 3.769672132976549
0.352 3.7700984391711687
0.353 3.7705267308834722
0.354 3.770957048628184
0.355 3.771389432973857
0.356 3.771823924488708
0.357 3.7722605637306725
0.358 3.7726993909391617
0.359 3.7731404459822095
0.36 3.7735837697585324
0.361 3.7740294054699906
0.362 3.7744773844988964
0.363 3.7749276865206163
0.364 3.7753802771920246
0.365 3.7758351201141895
0.366 3.7762921778412837
0.367 3.776751413101017
0.368 3.777212788792533
0.369 3.7776762678413696
0.37 3.7781418132067586
0.371 3.778609387775938
0.372 3.779078954192901
0.373 3.7795504750725306
0.374 3.7800239131568287
0.375 3.7804992312209618
0.376 3.7809763918091077
0.377 3.7814553573019287
0.378 3.781936090254749
0.379 3.7824185534555834
0.38 3.782902709512322
0.381 3.7833885205624602
0.382 3.7838759487300306
0.383 3.784364956397345
0.384 3.7848555060086078
0.385 3.7853475598870023
0.386 3.785841080287836
0.387 3.786336029427136
0.388 3.7868323694832005
0.389 3.787330062657195
0.39 3.787829071193565
0.391 3.788329357212459
0.392 3.7888308824073014
0.393 3.789333608481886
0.394 3.789837497778602
0.395 3.79034251285517
0.396 3.790848615734044
0.397 3.7913557680514143
0.398 3.791863931583455
0.399 3.79237306829923
0.4 3.7928831401867855
0.401 3.793394109248611
0.402 3.7939059374199413
0.403 3.7944185863241056
0.404 3.794932017548292
0.405 3.7954461931415175
0.406 3.795961075375789
0.40700000000000003 3.7964766260966383
0.40800000000000003 3.7969928067473084
0.40900000000000003 3.797509578963914
0.41000000000000003 3.7980269047341095
0.41100000000000003 3.7985447460164887
0.41200000000000003 3.7990630645734593
0.41300000000000003 3.79958182211809
0.41400000000000003 3.800100980296045
0.41500000000000004 3.8006205007446274
0.41600000000000004 3.8011403453130965
0.417 3.801660475990789
0.418 3.8021808546048517
0.419 3.8027014427825248
0.42 3.803222202236669
0.421 3.803743094894223
0.422 3.8042640826396736
0.423 3.804785127063082
0.424 3.805306189707933
0.425 3.805827232363205
0.426 3.8063482169541416
0.427 3.806869105701733
0.428 3.807389861063576
0.429 3.807910444057754
0.43 3.8084308134330223
0.431 3.8089509315179093
0.432 3.8094707715806013
0.433 3.809990301369365
0.434 3.81050944672575
0.435 3.8110281308835607
0.436 3.811546415167652
0.437 3.812064436113713
0.438 3.8125819317930976
0.439 3.813098188683415
0.44 3.8136134597210494
0.441 3.8141300488246794
0.442 3.814650514020977
0.443 3.8151774133366114
0.444 3.8157129759761417
0.445 3.8162572966508432
0.446 3.8168096637048534
0.447 3.8173698723906004
0.448 3.817938030493809
0.449 3.8185141338858672
0.45 3.819098067888102
0.451 3.819689737991812
0.452 3.820289084898659
0.453 3.820896046831452
0.454 3.8215105506892297
0.455 3.822132522447133
0.456 3.8227618899878686
0.457 3.823398581476949
0.458 3.824042524456102
0.459 3.824693646112287
0.46 3.8253518723797493
0.461 3.8260171285794766
0.462 3.8266893401546995
0.463 3.8273684326090955
0.464 3.8280543306276167
0.465 3.828746958024011
0.466 3.8294462383710077
0.467 3.8301520949369396
0.468 3.8308644507528826
0.46900000000000003 3.8315832283830193
0.47000000000000003 3.832308350048076
0.47100000000000003 3.8330397370583174
0.47200000000000003 3.833777310476337
0.47300000000000003 3.8345209910589793
0.47400000000000003 3.8352706993880683
0.47500000000000003 3.8360263554490146
0.47600000000000003 3.8367878789321064
0.47700000000000004 3.8375551891374093
0.47800000000000004 3.8383282050861744
0.47900000000000004 3.8391068451076906
0.48 3.8398910269505215
0.481 3.840680668650078
0.482 3.841475688562885
0.483 3.842276002297025
0.484 3.843081520952156
0.485 3.8438921541485414
0.486 3.8447078091045706
0.487 3.845528392651846
0.488 3.846353811438329
0.489 3.847183972028833
0.49 3.8480187807788386
0.491 3.8488581438371017
0.492 3.849701966417579
0.493 3.8505501533218203
0.494 3.8514026089029003
0.495 3.8522592372815456
0.496 3.853119942648732
0.497 3.8539846292216025
0.498 3.854853200679193
0.499 3.8557255601729423
0.5 3.8566016103033443
0.501 3.8574812530058127
0.502 3.858364390467719
0.503 3.8592509253671428
0.504 3.8601407599114355
0.505 3.8610337951509166
0.506 3.8619299319900096
0.507 3.8628290713661797
0.508 3.8637311140802546
0.509 3.864635960347341
0.51 3.8655435102904363
0.511 3.8664536643567926
0.512 3.8673663229540427
0.513 3.8682813853189213
0.514 3.8691987501883776
0.515 3.870118316768382
0.516 3.8710399845184793
0.517 3.8719636523475005
0.518 3.8728892187239428
0.519 3.873816582164721
0.52 3.8747456412451733
0.521 3.875676294353838
0.522 3.8766084396204956
0.523 3.8775419748320035
0.524 3.8784767972082532
0.525 3.879412804374969
0.526 3.8803498950221345
0.527 3.881287967001306
0.528 3.8822269151503646
0.529 3.8831666358754386
0.53 3.884107034343078
0.531 3.8850480284756457
0.532 3.8859895941108547
0.533 3.88693172635662
0.534 3.8878744161313126
0.535 3.88881765249368
0.536 3.8897614250015256
0.537 3.890705723515567
0.538 3.891650537911754
0.539 3.89259585808055
0.54 3.8935416740464004
0.541 3.8944879759615896
0.542 3.8954347537679306
0.543 3.896381997130873
0.544 3.8973296958975414
0.545 3.898277840249529
0.546 3.8992264202388958
0.547 3.9001754255636256
0.548 3.901124845977074
0.549 3.9020746715295958
0.55 3.9030248922163886
0.551 3.903975497610684
0.552 3.9049264772818093
0.553 3.905877821312393
0.554 3.9068295199009695
0.555 3.9077815628870294
0.556 3.908733939966461
0.557 3.909686640942825
0.558 3.910639655675586
0.559 3.911592973952155
0.56 3.912546585513971
0.561 3.9135004802552427
0.562 3.9144546482096882
0.5630000000000001 3.915409079199816
0.5640000000000001 3.9163637627855143
0.5650000000000001 3.917318688677708
0.5660000000000001 3.9182738468517178
0.5670000000000001 3.9192292272780103
0.5680000000000001 3.920184819868452
0.5690000000000001 3.921140614357027
0.5700000000000001 3.9220966000138944
0.5710000000000001 3.9230527663314203
0.5720000000000001 3.924009103888526
0.5730000000000001 3.92496560323845
0.5740000000000001 3.9259222536194516
0.5750000000000001 3.9268790439900827
0.5760000000000001 3.9278359640790153
0.577 3.9287930039879244
0.578 3.9297501543909554
0.579 3.930707405958875
0.58 3.9316647455437237
0.581 3.9326221555766785
0.582 3.933579584948919
0.583 3.9345369531546885
0.584 3.9354941813579036
0.585 3.936451193747806
0.586 3.937407914249973
0.587 3.938364266165549
0.588 3.9393201726912555
0.589 3.9402755569197776
0.59 3.941230341965438
0.591 3.9421844510250357
0.592 3.94313780741093
0.593 3.944090334773821
0.594 3.9450419567720627
0.595 3.9459925967931486
0.596 3.9469421782594436
0.597 3.947890625236243
0.598 3.948837861949537
0.599 3.9497838120329014
0.6 3.9507283988895328
0.601 3.95167154653062
0.602 3.9526131793556987
0.603 3.953553221868517
0.604 3.954491598649746
0.605 3.9554282342083007
0.606 3.9563630529776805
0.607 3.95729597949042
0.608 3.9582269384231807
0.609 3.959155854850792
0.61 3.9600826545355816
0.611 3.9610072629964908
0.612 3.9619296050180113
0.613 3.962849605697211
0.614 3.9637671914359123
0.615 3.964682288748748
0.616 3.965594823552547
0.617 3.9665047216976226
0.618 3.9674119095605818
0.619 3.968316313775588
0.62 3.969217861531429
0.621 3.9701164802425435
0.622 3.9710120968785794
0.623 3.9719046381823118
0.624 3.9727940318432693
0.625 3.9736802063354144
0.626 3.974563089877737
0.627 3.9754426103924994
0.628 3.976318696326204
0.629 3.977191276909736
0.63 3.978060281248875
0.631 3.978925638086202
0.632 3.979787276464726
0.633 3.9806451263309666
0.634 3.9814991178119405
0.635 3.9823491811555694
0.636 3.9831952467455065
0.637 3.984037245516153
0.638 3.984875108566219
0.639 3.985708766918781
0.64 3.9865381516977845
0.641 3.987363195441149
0.642 3.988183831356994
0.643 3.9889999897672
0.644 3.989811599016393
0.645 3.990618597910705
0.646 3.9914209363108775
0.647 3.992218533405374
0.648 3.9930112618978844
0.649 3.9937990831829717
0.65 3.9945821512204986
0.651 3.99536038734633
0.652 3.9961329581616334
0.653 3.996899522043623
0.654 3.9976624058271324
0.655 3.998424642976634
0.656 3.999189266961316
0.657 3.9999587163575843
0.658 4.000732916081686
0.659 4.001511331219303
0.66 4.002294018175523
0.661 4.003081065775267
0.662 4.003872413505754
0.663 4.004668008397399
0.664 4.005467833545817
0.665 4.006271866149876
0.666 4.007080074803575
0.667 4.0078924302548895
0.668 4.008708904944927
0.669 4.009529470224475
0.67 4.010354097015963
0.671 4.011182757009218
0.672 4.012015421879675
0.673 4.012852062271947
0.674 4.013692648734914
0.675 4.014537152166514
0.676 4.015385543339464
0.677 4.016237792720131
0.678 4.017093870635212
0.679 4.017953747295054
0.68 4.018817393121423
0.681 4.019684778620006
0.682 4.020555873378827
0.683 4.021430646618968
0.684 4.022309068492656
0.685 4.023191109225047
0.686 4.024076737914905
0.687 4.0249659235658095
0.6880000000000001 4.025858635665391
0.6890000000000001 4.026754843620452
0.6900000000000001 4.027654516553137
0.6910000000000001 4.028557623355958
0.6920000000000001 4.0294641326896325
0.6930000000000001 4.030374013326743
0.6940000000000001 4.031287234112277
0.6950000000000001 4.032203763616213
0.6960000000000001 4.033123570237565
0.6970000000000001 4.034046622264317
0.6980000000000001 4.034972887814017
0.6990000000000001 4.035902334521347
0.7000000000000001 4.036834930760033
0.7010000000000001 4.0377706467783705
0.7020000000000001 4.0387094428427
0.7030000000000001 4.039651262877389
0.704 4.040596046632974
0.705 4.041543730977726
0.706 4.042494252887908
0.707 4.043447549558084
0.708 4.0444035585199485
0.709 4.045362217274626
0.71 4.046323462429582
0.711 4.047287230406921
0.712 4.048253457876171
0.713 4.049222081322217
0.714 4.0501930367826935
0.715 4.051166260296223
0.716 4.052141687960207
0.717 4.053119255738961
0.718 4.054098899455908
0.719 4.055080554693516
0.72 4.056064156856892
0.721 4.057049641087794
0.722 4.05803694258686
0.723 4.059025997090271
0.724 4.06001673986286
0.725 4.061009104865521
0.726 4.062003026544257
0.727 4.062998440280286
0.728 4.063995281069123
0.729 4.064993483428767
0.73 4.065992981404184
0.731 4.066993708889019
0.732 4.067995600620006
0.733 4.068998591441495
0.734 4.07000261529554
0.735 4.071007606047235
0.736 4.072013497917249
0.737 4.073020225001243
0.738 4.074027721112511
0.739 4.075035920014338
0.74 4.076044755457229
0.741 4.07705416135221
0.742 4.078064071681568
0.743 4.079074420169176
0.744 4.080085140452219
0.745 4.081096166274718
0.746 4.08210743130839
0.747 4.083118868960342
0.748 4.0841304127655915
0.749 4.08514199655461
0.75 4.086153554379331
0.751 4.087165020417519
0.752 4.088176327700256
0.753 4.089187408700695
0.754 4.090198197929888
0.755 4.091208630417248
0.756 4.092218639221466
0.757 4.093228157106481
0.758 4.09423711762414
0.759 4.095245454981825
0.76 4.096253104279122
0.761 4.097259999372982
0.762 4.098266072667062
0.763 4.099271258346867
0.764 4.100275491793043
0.765 4.101278706313364
0.766 4.102280834698901
0.767 4.103281812485799
0.768 4.104281575291892
0.769 4.1052800562495175
0.77 4.106277188958339
0.771 4.107272908908415
0.772 4.108267151008168
0.773 4.1092598491651655
0.774 4.110250938152742
0.775 4.111240353521
0.776 4.112228030563556
0.777 4.113213904325042
0.778 4.114197909325112
0.779 4.115179980250108
0.78 4.116160053090507
0.781 4.1171380640709785
0.782 4.118113949257168
0.783 4.119087644053863
0.784 4.120059083025728
0.785 4.121028203657757
0.786 4.121994945568257
0.787 4.1229592375725455
0.788 4.123921009988297
0.789 4.124880257344787
0.79 4.125837011534929
0.791 4.1267913451049445
0.792 4.127743338932447
0.793 4.128693064785248
0.794 4.129640593718877
0.795 4.130585998513551
0.796 4.131529351813081
0.797 4.13247072584794
0.798 4.133410192793063
0.799 4.13434782478468
0.8 4.1352836938224975
0.801 4.136217871724861
0.802 4.1371504296788855
0.803 4.138081438871952
0.804 4.139010971397182
0.805 4.13993909916297
0.806 4.140865893080141
0.807 4.141791424015835
0.808 4.142715763013821
0.809 4.143638981081688
0.81 4.144561149186375
0.811 4.145482338550755
0.812 4.146402620434604
0.8130000000000001 4.14732206476037
0.8140000000000001 4.14824074117323
0.8150000000000001 4.149158721441498
0.8160000000000001 4.150076077315385
0.8170000000000001 4.150992878088602
0.8180000000000001 4.1519091934656185
0.8190000000000001 4.152825095198354
0.8200000000000001 4.153740654015108
0.8210000000000001 4.154655938783111
0.8220000000000001 4.155571019770132
0.8230000000000001 4.15648596869458
0.8240000000000001 4.1574008559622575
0.8250000000000001 4.15831575114052
0.8260000000000001 4.159230724525573
0.8270000000000001 4.160145846730536
0.8280000000000001 4.161061188267439
0.8290000000000001 4.161976819105883
0.8300000000000001 4.1628928076936385
0.8310000000000001 4.163809225910544
0.8320000000000001 4.164726152535693
0.833 4.165643647866535
0.834 4.166561751337539
0.835 4.167480591266957
0.836 4.16840033983614
0.837 4.169320777312616
0.838 4.170241697899086
0.839 4.171164511369745
0.84 4.172089885950034
0.841 4.173012872324528
0.842 4.173927094275719
0.843 4.174826730404199
0.844 4.175710749539761
0.845 4.176580012249413
0.846 4.177434602194564
0.847 4.178274788947741
0.848 4.179100867580934
0.849 4.179913085288589
0.85 4.180711701417358
0.851 4.181496972182318
0.852 4.182269147895518
0.853 4.183028474913363
0.854 4.1837751974336586
0.855 4.184509556673952
0.856 4.1852317895875135
0.857 4.185942131560254
0.858 4.1866408150909
0.859 4.187328068141636
0.86 4.188004116747983
0.861 4.188669184834133
0.862 4.189323493495096
0.863 4.1899672619159665
0.864 4.190600706613479
0.865 4.191224040247575
0.866 4.191837474761041
0.867 4.192441220514142
0.868 4.193035484148596
0.869 4.193620470865108
0.87 4.194196384669783
0.871 4.194763427634306
0.872 4.195321799314206
0.873 4.195871697018024
0.874 4.196413317439428
0.875 4.19694685571687
0.876 4.197472504829525
0.877 4.197990456586642
0.878 4.198500901361498
0.879 4.199004027311213
0.88 4.199500021467959
0.881 4.199989071204258
0.882 4.200471367053025
0.883 4.200947082365534
0.884 4.20141638566731
0.885 4.201879569205225
0.886 4.202337046764063
0.887 4.202789378921975
0.888 4.203237118134807
0.889 4.203680797195182
0.89 4.204120956706764
0.891 4.204558137271213
0.892 4.204992876376604
0.893 4.205425711878906
0.894 4.205857181744039
0.895 4.206287823383298
0.896 4.206718174671778
0.897 4.2071487740014595
0.898 4.207580159522445
0.899 4.208012870250878
0.9 4.208447447099406
0.901 4.208884431448689
0.902 4.209324365454705
0.903 4.209767793696077
0.904 4.210215262086715
0.905 4.210667317905121
0.906 4.21112451154278
0.907 4.2115873956855285
0.908 4.212056525098576
0.909 4.212532457073218
0.91 4.213015751743616
0.911 4.213506973005471
0.912 4.214006688135393
0.913 4.2145154685911494
0.914 4.215033888656856
0.915 4.2155625260708
0.916 4.21610196552182
0.917 4.216652794833508
0.918 4.2172156047483496
0.919 4.217790994021263
0.92 4.218379566395943
0.921 4.218981929130046
0.922 4.2195986979135345
0.923 4.220230494245026
0.924 4.22087793665908
0.925 4.22154167105998
0.926 4.222222363734264
0.927 4.222920537846022
0.928 4.223636413315
0.929 4.2243696977219525
0.93 4.225120090707907
0.931 4.2258873273544815
0.932 4.226671119552165
0.933 4.22747117366386
0.934 4.228287194875698
0.935 4.229118885244056
0.936 4.229965942166673
0.937 4.230828057718081
0.9380000000000001 4.231704921521259
0.9390000000000001 4.232596219989646
0.9400000000000001 4.2335016351351555
0.9410000000000001 4.234420845124644
0.9420000000000001 4.235353524897507
0.9430000000000001 4.236299346011587
0.9440000000000001 4.237257976663279
0.9450000000000001 4.23822908169249
0.9460000000000001 4.239212322049107
0.9470000000000001 4.2402073562066604
0.9480000000000001 4.241213839767702
0.9490000000000001 4.242231424373163
0.9500000000000001 4.24325975932266
0.9510000000000001 4.244298491722959
0.9520000000000001 4.245347265874703
0.9530000000000001 4.246405722227449
0.9540000000000001 4.247473500121242
0.9550000000000001 4.248550238531738
0.9560000000000001 4.249635562093552
0.9570000000000001 4.250729113510685
0.9580000000000001 4.251830549233237
0.9590000000000001 4.252939362387826
0.96 4.254055488059896
0.961 4.255179749895714
0.962 4.25631397073613
0.963 4.2574601521136906
0.964 4.258620195614777
0.965 4.259796085706278
0.966 4.260989856481175
0.967 4.2622035887310155
0.968 4.263439427825179
0.969 4.264699595048301
0.97 4.265986391972273
0.971 4.267302211209639
0.972 4.268649556656889
0.973 4.270031050133359
0.974 4.271449443919122
0.975 4.272907642288478
0.976 4.274408720533385
0.977 4.275955942759899
0.978 4.27755278463592
0.979 4.279202963967954
0.98 4.280910472073044
0.981 4.282679607145208
0.982 4.284515014259169
0.983 4.286421736002072
0.984 4.288405277051601
0.985 4.290471660545474
0.986 4.292627509123656
0.987 4.294880143454776
0.988 4.297237702433907
0.989 4.299709295880314
0.99 4.302305105259811
0.991 4.305036853357821
0.992 4.30791736139898
0.993 4.3109594998176615
0.994 4.314176139048236
0.995 4.317580149525064
0.996 4.321184401682544
0.997 4.325001765954994
0.998 4.329045112776896
0.999 4.333327312582526
1.0 4.337861235806145
