0.02155172 2.9629273503479086
0.022504306209999998 3.0023052494989484
0.02345689242 3.0371160918150735
0.02440947863 3.0680349563802722
0.02536206484 3.095617479624742
0.02631465105 3.120324174245373
0.02726723726 3.142539201850825
0.02821982347 3.1625849886813877
0.02917240968 3.1807336971543325
0.03012499589 3.1972162985444337
0.0310775821 3.2122298003209755
0.032030168309999996 3.225943042822551
0.03298275452 3.238501378525515
0.03393534073 3.250030472421637
0.03488792694 3.260639406484371
0.03584051315 3.270423229607388
0.03679309936 3.279465063006927
0.03774568557 3.2878378472155534
0.03869827178 3.2956057985277627
0.039650857989999996 3.302825628681979
0.0406034442 3.309547570648475
0.04155603041 3.3158162448774267
0.042508616619999995 3.3216713936795794
0.043461202830000004 3.3271485061399457
0.04441378904 3.33227935178301
0.04536637525 3.33709243787385
0.04631896146 3.341613402568389
0.04727154767 3.34586535397599
0.04822413388 3.3498691634591746
0.04917672009 3.353643720083617
0.050129306299999996 3.3572061519804985
0.051081892510000004 3.360572019440948
0.05203447872 3.363755483787835
0.052987064929999994 3.366769455431381
0.05393965114 3.3696257239861853
0.05489223735 3.3723350728879877
0.05584482355999999 3.374907380582363
0.05679740977 3.3773517100514017
0.057749995979999996 3.379676388187691
0.058702582190000005 3.381889076308906
0.0596551684 3.3839968329241232
0.060607754609999995 3.3860061697087533
0.061560340820000004 3.387923101514251
0.06251292703 3.389753191127483
0.06346551324 3.391501589399778
0.06441809945 3.3931730712845987
0.06537068566 3.394772068253266
0.06632327187 3.396302697498516
0.06727585808 3.3977687882842456
0.06822844429 3.399173905755526
0.0691810305 3.4005213724845964
0.07013361671 3.4018142879954003
0.07108620292 3.4030555464803545
0.07203878913 3.404247852898011
0.07299137534 3.4053937376184154
0.07394396154999999 3.4064955697638837
0.07489654776 3.4075555693762527
0.07584913397 3.4085758185270354
0.07680172018 3.409558271474083
0.07775430639 3.410504763957085
0.0787068926 3.4114170217143
0.07965947881 3.4122966682941596
0.08061206502 3.4131452322276328
0.08156465123 3.41396415362043
0.08251723744 3.41475479021801
0.08346982365 3.415518422991025
0.08442240985999999 3.4162562612840186
0.08537499607 3.4169694475659593
0.08632758228 3.4176590618173974
0.08728016848999999 3.4183261255856525
0.0882327547 3.4189716057364117
0.08918534091 3.419596417927433
0.09013792711999999 3.420201429827626
0.09109051333 3.4207874641025904
0.09204309953999999 3.421355301185793
0.09299568575 3.421905681852767
0.09394827196 3.4224393096141763
0.09490085816999999 3.422956852942165
0.09585344438 3.4234589473431085
0.09680603059 3.4239461972887884
0.09775861679999999 3.4244191780168913
0.09871120301 3.4248784372108703
0.09966378922 3.4253244965682965
0.10061637542999999 3.4257578532660844
0.10156896164 3.4261789813302603
0.10252154784999999 3.4265883329173232
0.10347413406 3.4269863395136464
0.10442672027 3.427373413058861
0.10537930647999999 3.4277499469986727
0.10633189269 3.4281163172721376
0.1072844789 3.4284728832380074
0.10823706510999999 3.4288199885444124
0.10918965132 3.4291579619457986
0.11014223752999999 3.4294871180707527
0.11109482374 3.42980775814405
0.11204740995 3.430120170666022
0.11299999615999999 3.4304246320521
0.11395258237 3.430721407235184
0.11490516858 3.4310107502332774
0.11585775478999999 3.4312929046846623
0.116810341 3.431568104352723
0.11776292720999999 3.4318365736023577
0.11871551341999999 3.4320985278498024
0.11966809963 3.432354173987538
0.12062068583999999 3.4326037107858567
0.12157327205 3.432847329272532
0.12252585826 3.433085213091948
0.12347844446999999 3.4333175388449515
0.12443103068 3.4335444764105985
0.12538361689 3.4337661892508855
0.1263362031 3.433982834699491
0.12728878931 3.4341945642354754
0.12824137552 3.4344015237428285
0.12919396173 3.434603853756699
0.13014654794 3.4348016896970712
0.13109913415 3.4349951620906265
0.13205172036 3.435184396781457
0.13300430657 3.4353695151312786
0.13395689278 3.435550634209721
0.13490947899 3.43572786697527
0.1358620652 3.4359013224473705
0.13681465141 3.4360711058701834
0.13776723762 3.4362373188684656
0.13871982383 3.43640005959598
0.13967241004 3.4365594228768708
0.14062499625 3.4367155003403576
0.14157758246 3.436868380549124
0.14253016867 3.43701814912172
0.14348275488 3.4371648888493165
0.14443534109 3.4373086798070833
0.1453879273 3.4374495994604874
0.14634051351 3.4375877227667733
0.14729309972 3.4377231222718665
0.14824568592999998 3.4378558682029423
0.14919827214 3.43798602855687
0.15015085835 3.4381136691847574
0.15110344456 3.438238853872771
0.15205603077 3.4383616444194325
0.15300861697999998 3.438482100709565
0.15396120319 3.4386002807850433
0.1549137894 3.438716240912518
0.15586637561 3.438830035648252
0.15681896182 3.438941717900214
0.15777154803 3.4390513389875585
0.15872413423999998 3.4391589486976124
0.15967672045 3.4392645953405028
0.16062930666 3.439368325801516
0.16158189287 3.439470185591311
0.16253447908 3.4395702188940764
0.16348706528999998 3.439668468613739
0.1644396515 3.439764976418298
0.16539223771 3.439859782782382
0.16634482392 3.4399529270281093
0.16729741013 3.440044447364325
0.16824999633999999 3.440134380924285
0.16920258254999998 3.440222763801868
0.17015516876 3.4403096310863663
0.17110775497 3.440395016895933
0.17206034118 3.440478954409735
0.17301292739 3.440561475898867
0.17396551359999998 3.4406426127560956
0.17491809981 3.440722395524463
0.17587068602 3.4408008539248183
0.17682327223 3.440878016882309
0.17777585844 3.4409539125518855
0.17872844464999998 3.441028568342858
0.17968103085999998 3.4411020109425414
0.18063361707 3.441174266339037
0.18158620328 3.441245359843174
0.18253878949 3.4413153161096566
0.1834913757 3.441384159157447
0.18444396190999998 3.4414519123894065
0.18539654812 3.4415185986112418
0.18634913433 3.4415842400497683
0.18730172054 3.4416488583705327
0.18825430675 3.441712474694805
0.18920689295999998 3.441775109615983
0.19015947916999998 3.441836783215417
0.19111206538 3.441897515077686
0.19206465159 3.4419573243053443
0.1930172378 3.4420162295331678
0.19396982400999999 3.4420742489418994
0.19492241021999998 3.4421314002715357
0.19587499643 3.4421877008341606
0.19682758264 3.442243167526343
0.19778016885 3.4422978168411236
0.19873275506 3.4423516648795904
0.19968534126999998 3.442404727362083
0.20063792748 3.442457019639013
0.20159051369 3.442508556701338
0.2025430999 3.442559353190682
0.20349568611 3.442609423409136
0.20444827231999999 3.442658781328727
0.20540085852999998 3.4427074406005955
0.20635344474 3.4427554145638664
0.20730603095 3.44280271625424
0.20825861716 3.4428493584123054
0.20921120337 3.442895353491597
0.21016378957999998 3.4429407136663865
0.21111637579 3.4429854508392395
0.212068962 3.4430295766483257
0.21302154821 3.44307310247451
0.21397413442 3.4431160394482165
0.21492672062999998 3.443158398456085
0.21587930683999998 3.443200190147416
0.21683189305 3.443241424940429
0.21778447926 3.443282113028319
0.21873706547 3.443322264385134
0.21968965168 3.443361888771476
0.22064223788999998 3.443400995740026
0.2215948241 3.4434395946409087
0.22254741031 3.443477694626889
0.22349999652 3.4435153046584253
0.22445258273 3.4435524335085637
0.22540516893999998 3.4435890897676877
0.22635775514999998 3.443625281848139
0.22731034136 3.4436610179886915
0.22826292757 3.4436963062588997
0.22921551378 3.4437311545633214
0.23016809998999999 3.44376557064562
0.23112068619999998 3.4437995620925435
0.23207327241 3.4438331363377968
0.23302585862 3.443866300665794
0.23397844483 3.4438990622153174
0.23493103104 3.443931427983061
0.23588361724999998 3.443963404827076
0.23683620345999998 3.44399499947013
0.23778878967 3.4440262185029584
0.23874137588 3.444057068387434
0.23969396209 3.4440875554596437
0.24064654829999998 3.4441176859328895
0.24159913450999998 3.444147465900593
0.24255172072 3.4441769013391297
0.24350430693 3.4442059981105895
0.24445689314 3.4442347619654488
0.24540947935 3.444263198545183
0.24636206555999998 3.444291313384802
0.24731465177 3.444319111915322
0.24826723798 3.4443465994661646
0.24921982419 3.444373781267498
0.2501724104 3.4444006624525154
0.25112499661 3.4444272480596503
0.25207758282 3.4444535430347325
0.25303016903000003 3.4444795522330955
0.25398275524 3.444505280421619
0.25493534145 3.4445307322807244
0.25588792766 3.4445559124063143
0.25684051387 3.444580825311667
0.25779310008 3.444605475429279
0.25874568629 3.444629867112657
0.2596982725 3.4446540046380743
0.26065085871 3.4446778922062706
0.26160344492 3.444701533944116
0.26255603113 3.4447249339062305
0.26350861734000003 3.444748096076563
0.26446120355 3.444771024369933
0.26541378976 3.444793722633529
0.26636637597 3.4448161946483746
0.26731896218 3.444838444130753
0.26827154839 3.444860474733603
0.2692241346 3.444882290047873
0.27017672081 3.4449038936038483
0.27112930702 3.4449252888724438
0.27208189323 3.4449464792664606
0.27303447944 3.4449674681418196
0.27398706565 3.4449882587987646
0.27493965185999997 3.4450088544830253
0.27589223807 3.445029258386968
0.27684482428 3.44504947365071
0.27779741049 3.4450695033632055
0.2787499967 3.445089350563316
0.27970258291 3.4451090182408395
0.28065516912 3.445128509337534
0.28160775533 3.4451478267480984
0.28256034154 3.445166973321147
0.28351292775 3.445185951860149
0.28446551395999997 3.4452047651243523
0.28541810016999997 3.4452234158296844
0.28637068638 3.445241906649634
0.28732327259 3.4452602402161077
0.2882758588 3.4452784191202723
0.28922844501 3.4452964459133777
0.29018103122 3.4453143231075534
0.29113361743 3.4453320531765996
0.29208620364 3.4453496385567486
0.29303878985 3.445367081647415
0.29399137606 3.4453843848119305
0.29494396226999997 3.4454015503782567
0.29589654847999997 3.445418580639686
0.29684913469 3.4454354778555283
0.2978017209 3.4454522442517743
0.29875430711 3.4454688820217596
0.29970689332 3.4454853933267944
0.30065947953 3.445501780296796
0.30161206574 3.445518045030903
0.30256465195 3.445534189598065
0.30351723816 3.445550216037641
0.30446982437 3.445566126359963
0.30542241057999997 3.4455819225469018
0.30637499678999996 3.4455976065524165
0.307327583 3.4456131803030887
0.30828016921 3.445628645698653
0.30923275542 3.445644004612506
0.31018534163 3.445659258892216
0.31113792784 3.4456744103600134
0.31209051405 3.445689460813271
0.31304310026 3.445704412024982
0.31399568647 3.4457192657442204
0.31494827268 3.445734023696596
0.31590085888999997 3.4457486875846923
0.31685344509999996 3.4457632590885097
0.31780603131 3.445777739865888
0.31875861752 3.445792131552919
0.31971120373 3.4458064357643616
0.32066378994 3.445820654094041
0.32161637615 3.4458347881152367
0.32256896236 3.4458488393810707
0.32352154857 3.4458628094248844
0.32447413478 3.4458766997606025
0.32542672099 3.445890511883101
0.32637930719999997 3.445904247268558
0.32733189340999996 3.445917907374803
0.32828447962 3.445931493641655
0.32923706583 3.4459450074912565
0.33018965204 3.4459584503284053
0.33114223825 3.4459718235408703
0.33209482446 3.4459851284997067
0.33304741067 3.4459983665595675
0.33399999688 3.446011539059003
0.33495258309 3.4460246473207623
0.3359051693 3.4460376926520757
0.33685775550999997 3.44605067634495
0.33781034171999996 3.44606359967644
0.33876292793 3.4460764639089327
0.33971551414 3.4460892702904067
0.34066810035 3.4461020200547035
0.34162068656 3.4461147144217863
0.34257327277 3.4461273545979907
0.34352585898 3.4461399417762806
0.34447844519 3.446152477136489
0.3454310314 3.44616496184556
0.34638361760999997 3.446177397057787
0.34733620381999997 3.4461897839150426
0.34828879002999996 3.4462021235470073
0.34924137624 3.4462144170713933
0.35019396245 3.4462266655941645
0.35114654866 3.4462388702097515
0.35209913487 3.446251032001265
0.35305172108 3.4462631520407006
0.35400430729 3.4462752313891483
0.3549568935 3.4462872710969887
0.35590947971 3.4462992722040924
0.35686206591999997 3.4463112357400134
0.35781465212999997 3.4463231627241813
0.35876723833999996 3.446335054166085
0.35971982455 3.4463469110654588
0.36067241076 3.4463587344124624
0.36162499697 3.446370525187861
0.36257758318 3.4463822843631964
0.36353016939 3.4463940129009596
0.3644827556 3.446405711754762
0.36543534181 3.4464173818694985
0.36638792802 3.446429024181512
0.36734051422999997 3.4464406396187535
0.36829310043999997 3.44645222910094
0.36924568665 3.446463793539709
0.37019827286 3.446475333838775
0.37115085907 3.4464868508940723
0.37210344528 3.4464983455939104
0.37305603149 3.446509818819115
0.3740086177 3.446521271443173
0.37496120391 3.44653270433237
0.37591379012 3.446544118345935
0.37686637633 3.4465555143361706
0.37781896253999997 3.4465668931485904
0.37877154874999996 3.4465782556220494
0.37972413496 3.44658960258888
0.38067672117 3.4466009348750073
0.38162930738 3.446612253300092
0.38258189359 3.446623558677639
0.3835344798 3.4466348518151313
0.38448706601 3.4466461335141445
0.38543965222 3.4466574045704657
0.38639223843 3.446668665774214
0.38734482464 3.4466799179099517
0.38829741084999997 3.446691161756803
0.38924999705999996 3.446702398088558
0.39020258327 3.4467136276737915
0.39115516948 3.446724851275968
0.39210775569 3.4467360696535456
0.3930603419 3.4467472835600894
0.39401292811 3.446758493744369
0.39496551432 3.4467697009504628
0.39591810053 3.4467809059178633
0.39687068674 3.4467921093815708
0.39782327295 3.4468033120721993
0.39877585915999997 3.446814514716065
0.39972844536999996 3.4468257180352913
0.40068103158 3.446836922747898
0.40163361779 3.4468481295678965
0.402586204 3.44685933920538
0.40353879021 3.4468705523666205
0.40449137642 3.4468817697541523
0.40544396263 3.4468929920668625
0.40639654884 3.446904220000082
0.40734913505 3.4469154542456675
0.40830172126 3.4469266954920927
0.40925430746999997 3.4469379444245254
0.41020689367999996 3.4469492017249186
0.41115947989 3.4469604680720876
0.4121120661 3.446971744141794
0.41306465231 3.446983030606827
0.41401723852 3.4469943281370825
0.41496982473 3.4470056373996396
0.41592241094 3.447016959058842
0.41687499715 3.4470282937763734
0.41782758336 3.4470396422113336
0.41878016956999997 3.4470510050203145
0.41973275577999997 3.4470623828574745
0.42068534198999996 3.4470737763746135
0.4216379282 3.447085186221242
0.42259051441 3.4470966130446588
0.42354310062 3.4471080574900212
0.42449568683 3.4471195202004115
0.42544827304 3.447131001816912
0.42640085925 3.4471425029786738
0.42735344546 3.4471540243229843
0.42830603167 3.4471655664853365
0.42925861787999997 3.4471771300994956
0.43021120408999997 3.4471887157975662
0.43116379029999996 3.4472003242100624
0.43211637651 3.447211955965966
0.43306896272 3.447223611692797
0.43402154893 3.4472352920166824
0.43497413514 3.447246997562408
0.43592672135 3.447258728953495
0.43687930756 3.447270486812256
0.43783189377 3.447282271759861
0.43878447998 3.4472940844163937
0.43973706618999997 3.4473059254009244
0.44068965239999996 3.4473177953315592
0.44164223860999996 3.447329694825508
0.44259482482 3.4473416244991446
0.44354741103 3.4473535849680634
0.44449999724 3.4473655768471425
0.44545258345 3.447377600750602
0.44640516966 3.4473896572920606
0.44735775587 3.447401747084599
0.44831034208 3.4474138707408115
0.44926292829 3.4474260288728713
0.45021551449999997 3.447438222092583
0.45116810070999996 3.4474504510114423
0.45212068691999996 3.4474627162406897
0.45307327313 3.4474750183913727
0.45402585934 3.4474873580743957
0.45497844555 3.4474997359005823
0.45593103176 3.4475121524807286
0.45688361797 3.4475246084256566
0.45783620418 3.4475371043462735
0.45878879039 3.447549640853624
0.4597413766 3.4475622185589487
0.46069396280999997 3.447574838073737
0.46164654901999996 3.4475875000097784
0.46259913523 3.4476002049792234
0.46355172144 3.4476129535946334
0.46450430765 3.4476257464690385
0.46545689386 3.447638584215986
0.46640948007 3.4476514674495995
0.46736206628 3.447664396784631
0.46831465249 3.447677372836513
0.4692672387 3.447690396221416
0.47021982491 3.4477034675562965
0.47117241111999997 3.4477165874589577
0.47212499732999996 3.447729756548093
0.47307758354 3.4477429754433504
0.47403016975 3.4477562447653765
0.47498275596 3.4477695651358746
0.47593534217 3.4477829371776583
0.47688792838 3.4477963615147007
0.47784051459 3.447809838772192
0.4787931008 3.447823369576588
0.47974568701 3.4478369545556697
0.48069827321999997 3.4478505943385893
0.48165085942999997 3.4478642895559286
0.48260344563999996 3.4478780408397496
0.48355603185 3.447891848823647
0.48450861806 3.4479057141428084
0.48546120427 3.4479196374340555
0.48641379048 3.4479336193359087
0.48736637669 3.4479476604886368
0.4883189629 3.4479617615343074
0.48927154911 3.447975923116845
0.49022413532 3.447990145882085
0.49117672152999997 3.4480044304778237
0.49212930773999997 3.4480187775538744
0.49308189394999996 3.448033187762126
0.49403448016 3.448047661756589
0.49498706637 3.448062200193456
0.49593965258 3.448076803731157
0.49689223879 3.4480914730304097
0.497844825 3.448106208754279
0.49879741121 3.4481210115682277
0.49974999742 3.4481358821401784
0.50070258363 3.4481508211405645
0.50165516984 3.4481658292423845
0.50260775605 3.4481809071212655
0.50356034226 3.448196055455511
0.5045129284700001 3.4482112749261655
0.50546551468 3.448226566217064
0.5064181008900001 3.4482419300148943
0.5073706871 3.4482573670092544
0.50832327331 3.448272877892707
0.50927585952 3.4482884633608397
0.51022844573 3.448304124112325
0.51118103194 3.448319860848976
0.51213361815 3.448335674275806
0.51308620436 3.4483515651010905
0.51403879057 3.448367534036424
0.5149913767800001 3.448383581796782
0.51594396299 3.44839970910058
0.5168965492 3.4484159166697363
0.51784913541 3.4484322052297323
0.51880172162 3.448448575509673
0.51975430783 3.448465028242351
0.52070689404 3.4484815641643087
0.5216594802500001 3.448498184015901
0.52261206646 3.4485148885413572
0.5235646526700001 3.448531678488849
0.52451723888 3.448548554610551
0.5254698250900001 3.448565517662706
0.5264224113 3.4485825684056923
0.52737499751 3.448599707604089
0.52832758372 3.4486169360267405
0.52928016993 3.448634254446827
0.5302327561400001 3.448651663641928
0.53118534235 3.448669164394093
0.5321379285600001 3.4486867574899094
0.53309051477 3.448704443720571
0.5340431009800001 3.44872222388195
0.53499568719 3.448740098774664
0.5359482734000001 3.4487580692041484
0.53690085961 3.44877613598073
0.53785344582 3.448794299919698
0.53880603203 3.448812561841374
0.53975861824 3.448830922571191
0.5407112044500001 3.448849382939764
0.54166379066 3.4488679437829655
0.5426163768700001 3.448886605942002
0.54356896308 3.4489053702634904
0.5445215492900001 3.448924237599534
0.5454741355 3.4489432088078025
0.5464267217100001 3.448962284751609
0.54737930792 3.4489814662999896
0.54833189413 3.4490007543277845
0.54928448034 3.4490201497157185
0.55023706655 3.4490396533504835
0.5511896527600001 3.4490592661248223
0.55214223897 3.449078988937608
0.5530948251800001 3.449098822693934
0.55404741139 3.4491187683051963
0.5549999976000001 3.4491388266891785
0.55595258381 3.449158998770145
0.5569051700200001 3.449179285478923
0.55785775623 3.449199687752993
0.55881034244 3.449220206536583
0.55976292865 3.449240842780753
0.56071551486 3.4492615974434946
0.5616681010700001 3.4492824714898176
0.56262068728 3.4493034658918496
0.5635732734900001 3.449324581628927
0.5645258597 3.449345819687696
0.5654784459100001 3.4493671810622053
0.56643103212 3.449388666754009
0.5673836183300001 3.4494102777722633
0.56833620454 3.4494320151338296
0.56928879075 3.4494538798633765
0.57024137696 3.449475872993483
0.57119396317 3.449497995564744
0.5721465493800001 3.4495202486258734
0.57309913559 3.449542633233814
0.5740517218000001 3.449565150453848
0.57500430801 3.449587801359701
0.5759568942200001 3.4496105870336597
0.57690948043 3.4496335085666794
0.5778620666400001 3.449656567058503
0.57881465285 3.449679763617771
0.57976723906 3.4497030993621425
0.58071982527 3.4497265754184125
0.58167241148 3.449750192922633
0.5826249976900001 3.4497739530202303
0.5835775839 3.449797856866133
0.5845301701100001 3.4498219056248955
0.58548275632 3.449846100470821
0.5864353425300001 3.4498704425880944
0.58738792874 3.4498949331709077
0.5883405149500001 3.4499195734235926
0.58929310116 3.449944364560755
0.59024568737 3.4499693078074087
0.59119827358 3.4499944043991104
0.59215085979 3.4500196555821017
0.5931034460000001 3.4500450626134445
0.59405603221 3.4500706267611707
0.5950086184200001 3.450096349304416
0.59596120463 3.4501222315335762
0.5969137908400001 3.450148274750448
0.59786637705 3.4501744802683842
0.5988189632600001 3.450200849412441
0.59977154947 3.4502273835195365
0.60072413568 3.4502540839386056
0.60167672189 3.4502809520307576
0.6026293081 3.4503079891694393
0.6035818943100001 3.4503351967405957
0.60453448052 3.450362576142837
0.6054870667300001 3.4503901287876064
0.60643965294 3.45041785609935
0.6073922391500001 3.4504457595156897
0.60834482536 3.450473840487596
0.6092974115700001 3.450502100479569
0.61024999778 3.4505305409698184
0.61120258399 3.4505591634504427
0.6121551702 3.4505879694276174
0.61310775641 3.450616960421786
0.6140603426200001 3.450646137967843
0.61501292883 3.450675503615335
0.6159655150400001 3.4507050589286563
0.61691810125 3.4507348054872438
0.6178706874600001 3.450764744885784
0.61882327367 3.4507948787344174
0.6197758598800001 3.4508252086589475
0.62072844609 3.450855736301051
0.6216810323 3.450886463318493
0.62263361851 3.4509173913853473
0.62358620472 3.4509485221922174
0.6245387909300001 3.4509798574464585
0.62549137714 3.4510113988724096
0.6264439633500001 3.451043148211623
0.62739654956 3.4510751072230996
0.6283491357700001 3.4511072776835316
0.62930172198 3.45113966138754
0.6302543081900001 3.4511722601479233
0.6312068944 3.451205075795913
0.63215948061 3.451238110181417
0.63311206682 3.4512713651732883
0.63406465303 3.4513048426595834
0.6350172392400001 3.4513385445478253
0.63596982545 3.4513724727652817
0.6369224116600001 3.4514066292592354
0.63787499787 3.4514410159972635
0.6388275840800001 3.451475634967523
0.63978017029 3.45151048817904
0.6407327565000001 3.451545577662
0.64168534271 3.4515809054680475
0.64263792892 3.451616473670593
0.64359051513 3.451652284365112
0.64454310134 3.451688339669466
0.6454956875500001 3.451724641724214
0.64644827376 3.45176119269294
0.6474008599700001 3.4517979947625816
0.64835344618 3.4518350501437585
0.6493060323900001 3.4518723610711195
0.6502586186 3.451909929803682
0.65121120481 3.4519477586251854
0.65216379102 3.451985849844445
0.65311637723 3.452024205795722
0.65406896344 3.4520628288390816
0.65502154965 3.4521017213607768
0.6559741358600001 3.452140885773627
0.65692672207 3.4521803245174048
0.6578793082800001 3.4522200400592333
0.65883189449 3.4522600348939845
0.6597844807000001 3.4523003115446893
0.66073706691 3.4523408725629525
0.66168965312 3.452381720529376
0.66264223933 3.4524228580539886
0.66359482554 3.452464287776681
0.66454741175 3.452506012367654
0.66549999796 3.452548034527869
0.6664525841700001 3.452590356989512
0.66740517038 3.452632982516457
0.6683577565900001 3.4526759139047476
0.6693103428 3.4527191539830824
0.6702629290100001 3.4527627056133086
0.67121551522 3.4528065716909233
0.67216810143 3.4528507551455876
0.67312068764 3.4528952589416484
0.67407327385 3.45294008607867
0.67502586006 3.4529852395919693
0.67597844627 3.453030722553174
0.6769310324800001 3.4530765380707744
0.67788361869 3.4531226892907023
0.6788362049000001 3.453169179396905
0.67978879111 3.45321601161194
0.6807413773200001 3.453263189197579
0.68169396353 3.4533107154554177
0.68264654974 3.4533585937275033
0.68359913595 3.4534068273969734
0.68455172216 3.4534554198887
0.68550430837 3.4535043746699534
0.68645689458 3.453553695251076
0.6874094807900001 3.453603385186166
0.688362067 3.4536534480737755
0.6893146532100001 3.4537038875576296
0.69026723942 3.4537547073273434
0.6912198256300001 3.4538059111191686
0.69217241184 3.4538575027167413
0.69312499805 3.4539094859518573
0.69407758426 3.4539618647052506
0.69503017047 3.454014642907394
0.69598275668 3.454067824539311
0.69693534289 3.454121413633409
0.6978879291000001 3.4541754142743253
0.69884051531 3.454229830599782
0.6997931015200001 3.4542846668014806
0.70074568773 3.4543399271259863
0.7016982739400001 3.4543956158756473
0.70265086015 3.454451737409531
0.70360344636 3.454508296144373
0.70455603257 3.454565296555549
0.70550861878 3.454622743178063
0.7064612049900001 3.454680640607564
0.7074137912 3.45473899350137
0.7083663774100001 3.4547978065795237
0.70931896362 3.4548570846258686
0.7102715498300001 3.4549168324891366
0.71122413604 3.4549770550840773
0.7121767222500001 3.4550377573925877
0.71312930846 3.4550989444648836
0.71408189467 3.45516062142069
0.71503448088 3.455222793450446
0.71598706709 3.455285465816554
0.7169396533000001 3.45534864385464
0.71789223951 3.4554123329748463
0.7188448257200001 3.455476538663147
0.71979741193 3.4555412664827
0.7207499981400001 3.4556065220752235
0.72170258435 3.455672311162393
0.7226551705600001 3.4557386395472856
0.72360775677 3.4558055131158416
0.72456034298 3.455872937838363
0.72551292919 3.4559409197710433
0.7264655154 3.4560094650575337
0.7274181016100001 3.4560785799305367
0.72837068782 3.4561482707134403
0.7293232740300001 3.456218543821991
0.73027586024 3.4562894057659923
0.7312284464500001 3.4563608631510525
0.73218103266 3.4564329226803663
0.7331336188700001 3.4565055911565343
0.73408620508 3.456578875483431
0.73503879129 3.4566527826681033
0.7359913775 3.456727319822722
0.73694396371 3.4568024941665723
0.7378965499200001 3.4568783130280925
0.73884913613 3.4569547838469545
0.7398017223400001 3.457031914176201
0.74075430855 3.4571097116844216
0.7417068947600001 3.4571881841579812
0.74265948097 3.457267339503312
0.7436120671800001 3.457347185749242
0.74456465339 3.4574277310493873
0.7455172396 3.4575089836845985
0.74646982581 3.4575909520654693
0.74742241202 3.457673644734892
0.7483749982300001 3.4577570703706915
0.74932758444 3.4578412377883048
0.7502801706500001 3.457926155943537
0.75123275686 3.4580118339353794
0.7521853430700001 3.4580982810088896
0.75313792928 3.4581855065581557
0.7540905154900001 3.458273520129316
0.7550431017 3.458362331423667
0.75599568791 3.458451950300836
0.75694827412 3.458542386782041
0.75790086033 3.458633651053426
0.7588534465400001 3.458725753469481
0.75980603275 3.458818704556544
0.7607586189600001 3.458912515016399
0.76171120517 3.4590071957299533
0.7626637913800001 3.4591027577610194
0.76361637759 3.4591992123601822
0.7645689638000001 3.4592965709687706
0.76552155001 3.459394845222933
0.76647413622 3.459494046957811
0.76742672243 3.459594188211822
0.76837930864 3.459695281231062
0.7693318948500001 3.459797338473809
0.77028448106 3.459900372615154
0.7712370672700001 3.4600043965517515
0.77218965348 3.460109423406691
0.7731422396900001 3.4602154665345064
0.7740948259 3.4603225395263086
0.7750474121100001 3.460430656215063
0.77599999832 3.4605398306810033
0.77695258453 3.460650077257198
0.77790517074 3.4607614105352593
0.77885775695 3.460873845371213
0.7798103431600001 3.460987396891529
0.78076292937 3.4611020804993164
0.7817155155800001 3.4612179118806843
0.78266810179 3.4613349070112904
0.7836206880000001 3.461453082163062
0.78457327421 3.4615724539111086
0.78552586042 3.4616930391408283
0.78647844663 3.461814855055217
0.78743103284 3.461937919182382
0.78838361905 3.4620622493832727
0.78933620526 3.4621878638596293
0.7902887914700001 3.462314781162163
0.79124137768 3.4624430201989758
0.7921939638900001 3.4625726002442123
0.7931465501 3.462703540946985
0.7940991363100001 3.4628358623405404
0.79505172252 3.4629695848517104
0.79600430873 3.4631047293106363
0.79695689494 3.4632413169607834
0.79790948115 3.463379369469262
0.79886206736 3.4635189089374463
0.79981465357 3.4636599579119247
0.8007672397800001 3.463802539395786
0.80171982599 3.463946676860231
0.8026724122000001 3.464092394256567
0.80362499841 3.4642397160285507
0.8045775846200001 3.4643886671251307
0.80553017083 3.464539273013568
0.80648275704 3.4646915596929913
0.80743534325 3.4648455537083596
0.80838792946 3.4650012821648764
0.80934051567 3.4651587727428637
0.81029310188 3.465318053713107
0.8112456880900001 3.4654791539527006
0.8121982743 3.465642102961395
0.8131508605100001 3.465806930878493
0.81410344672 3.465973668500282
0.8150560329300001 3.466142347298048
0.81600861914 3.4663129994366884
0.81696120535 3.466485657793932
0.81791379156 3.4666603559802156
0.81886637777 3.4668371283592196
0.81981896398 3.4670160100691034
0.82077155019 3.467197037044461
0.8217241364000001 3.4673802460390215
0.82267672261 3.4675656746491486
0.8236293088200001 3.467753361338132
0.82458189503 3.467943345461336
0.8255344812400001 3.468135667292226
0.82648706745 3.4683303680493145
0.82743965366 3.468527489924054
0.82839223987 3.4687270761097313
0.82934482608 3.4689291708313936
0.83029741229 3.4691338193768524
0.8312499985 3.4693410681288195
0.8322025847100001 3.4695509645982026
0.83315517092 3.4697635574586396
0.8341077571300001 3.469978896582296
0.83506034334 3.470197033076997
0.8360129295500001 3.4704180193247534
0.83696551576 3.4706419090217286
0.83791810197 3.470868757219731
0.83887068818 3.4710986203692733
0.83982327439 3.471331556364299
0.8407758606 3.4715676245886264
0.84172844681 3.4718068859641997
0.8426810330200001 3.4720494030012277
0.84363361923 3.4722952398502978
0.8445862054400001 3.47254446235655
0.84553879165 3.472797138116022
0.8464913778600001 3.4730533365342477
0.84744396407 3.473313128887227
0.84839655028 3.473576588384885
0.84934913649 3.473843790237119
0.8503017227 3.4741148117225835
0.85125430891 3.474389732260327
0.85220689512 3.474668633484422
0.8531594813300001 3.4749515993217557
0.85411206754 3.4752387160730995
0.8550646537500001 3.475530072497661
0.85601723996 3.4758257599012676
0.8569698261700001 3.4761258722283737
0.85792241238 3.4764305061580885
0.85887499859 3.4767397612044215
0.8598275848 3.47705373982098
0.86078017101 3.477372547510335
0.86173275722 3.477696292938301
0.86268534343 3.4780250880534096
0.8636379296400001 3.4783590482118227
0.86459051585 3.478698292308006
0.8655431020600001 3.47904294291145
0.86649568827 3.479393126409793
0.8674482744800001 3.4797489731586735
0.86840086069 3.480110617638705
0.8693534469 3.4804781986199513
0.87030603311 3.4808518593343494
0.87125861932 3.4812317476565005
0.87221120553 3.481618016293337
0.87316379174 3.4820108229831543
0.8741163779500001 3.4824103307045715
0.87506896416 3.482816707895977
0.8760215503700001 3.4832301286861145
0.87697413658 3.48365077313644
0.8779267227900001 3.4840788274959777
0.878879309 3.4845144844694267
0.87983189521 3.484957943499328
0.88078448142 3.4854094110631637
0.88173706763 3.4858691009863136
0.88268965384 3.4863372347718746
0.88364224005 3.4868140419483957
0.8845948262600001 3.4872997604366947
0.88554741247 3.4877946369369752
0.8864999986800001 3.488298927337569
0.88745258489 3.488812897146735
0.8884051711000001 3.489336821949032
0.88935775731 3.4898709878879304
0.89031034352 3.490415692176421
0.89126292973 3.490971243637548
0.89221551594 3.491537963276926
0.89316810215 3.4921161848894773
0.89412068836 3.4927062557027897
0.8950732745700001 3.493308537059705
0.89602586078 3.4939234051429633
0.8969784469900001 3.494551251744948
0.8979310332 3.495192485085845
0.8988836194100001 3.4958475306838106
0.89983620562 3.496516832281031
0.90078879183 3.497200852829936
0.90174137804 3.4979000755441367
0.90269396425 3.4986150050191367
0.9036465504600001 3.4993461684282505
0.90459913667 3.5000941167997066
0.9055517228800001 3.5008594263814206
0.90650430909 3.501642700100555
0.9074568953000001 3.50244456912563
0.90840948151 3.5032656945396856
0.9093620677200001 3.5041067691338292
0.91031465393 3.504968519331384
0.91126724014 3.505851707253879
0.91221982635 3.506757132941221
0.91317241256 3.5076856367396574
0.9141249987700001 3.5086381018724913
0.91507758498 3.509615457210099
0.9160301711900001 3.5106186802574957
0.9169827574 3.5116488003796578
0.9179353436100001 3.5127069022869684
0.91888792982 3.513794129805593
0.91984051603 3.51491168996034
0.92079310224 3.516060857400647
0.92174568845 3.5172429792037945
0.92269827466 3.51845948009343
0.92365086087 3.519711868115878
0.9246034470800001 3.521001740821796
0.92555603329 3.522330792006465
0.9265086195000001 3.5237008190684933
0.92746120571 3.525113731054164
0.9284137919200001 3.5265715574631424
0.92936637813 3.528076457900951
0.93031896434 3.529630732674758
0.93127155055 3.5312368344418053
0.93222413676 3.5328973810345583
0.93317672297 3.5346151696036006
0.93412930918 3.536393192239023
0.9350818953900001 3.5382346532537916
0.9360344816 3.540142988339138
0.9369870678100001 3.5421218858328607
0.93793965402 3.544175310377537
0.9388922402300001 3.5463075292879624
0.93984482644 3.54852314199677
0.94079741265 3.5508271130058406
0.94174999886 3.5532248088402953
0.94270258507 3.555722039584026
0.94365517128 3.5583251056734357
0.94460775749 3.561040850742729
0.9455603437000001 3.563876721453909
0.94651292991 3.5668408354128136
0.9474655161200001 3.569942058475514
0.94841810233 3.5731900929955684
0.9493706885400001 3.576595578862236
0.95032327475 3.5801702095462002
0.95127586096 3.5839268658194112
0.95222844717 3.587879770371319
0.95318103338 3.592044667233118
0.95413361959 3.596439030781363
0.9550862058 3.6010823101708542
0.9560387920100001 3.605996216407224
0.95699137822 3.6112050609970034
0.9579439644300001 3.616736157320159
0.95889655064 3.6226202987099576
0.9598491368500001 3.628892330905931
0.96080172306 3.6355918413533943
0.96175430927 3.642763994154776
0.96270689548 3.6504605478896583
0.96365948169 3.6587411048004643
0.9646120679 3.6676746551182875
0.96556465411 3.6773415012171857
0.9665172403200001 3.6878356752446106
0.96746982653 3.6992680044730335
0.9684224127400001 3.711770036292607
0.96937499895 3.725499117890601
0.9703275851600001 3.740645047362284
0.97128017137 3.7574388942396544
0.97223275758 3.7761648624378843
0.97318534379 3.7971764946002637
0.97413793 3.8209191918322936
