0.25936395759717323 3.617577736926024
0.26001696113074213 3.6185525000049665
0.260669964664311 3.6195250871611577
0.2613229681978799 3.6204954008101304
0.2619759717314489 3.6214633431006376
0.26262897526501777 3.6224288160003737
0.26328197879858667 3.6233917213838467
0.26393498233215557 3.6243519611222696
0.26458798586572446 3.6253094371753547
0.26524098939929336 3.6262640516848568
0.26589399293286226 3.627215707069731
0.2665469964664312 3.628164306122741
0.2672000000000001 3.6291097521083584
0.267853003533569 3.6300519488617793
0.2685060070671379 3.630990800888881
0.2691590106007068 3.631926213466932
0.2698120141342757 3.6328580927458654
0.2704650176678446 3.6337863458499133
0.27111802120141354 3.634710880979409
0.27177102473498244 3.6356316075125337
0.27242402826855133 3.6365484361068137
0.27307703180212023 3.637461278800137
0.2737300353356891 3.638370049111081
0.274383038869258 3.639274662138331
0.2750360424028269 3.640175034658959
0.27568904593639587 3.641071085225355
0.27634204946996477 3.641962734260576
0.27699505300353366 3.6428499041519027
0.27764805653710256 3.6437325193423797
0.27830106007067146 3.644610506420124
0.27895406360424035 3.645483794205192
0.27960706713780925 3.646352313833796
0.2802600706713782 3.647215998839667
0.2809130742049471 3.6480747852323696
0.281566077738516 3.648928611572374
0.2822190812720849 3.649777419042711
0.2828720848056538 3.6506211515170293
0.2835250883392227 3.6514597556238906
0.2841780918727916 3.6522931808071535
0.28483109540636053 3.6531213793822896
0.28548409893992943 3.653944306588511
0.28613710247349833 3.654761920636576
0.2867901060070672 3.655574182752165
0.2874431095406361 3.6563810572147304
0.288096113074205 3.6571825113917313
0.2887491166077739 3.6579785157681806
0.28940212014134287 3.6587690439714473
0.29005512367491176 3.659554072791263
0.29070812720848066 3.6603335821949052
0.29136113074204956 3.6611075553375345
0.29201413427561845 3.6618759785676827
0.29266713780918735 3.6626388414278988
0.29332014134275625 3.6633961366505794
0.2939731448763252 3.664147860149011
0.2946261484098941 3.66489401100368
0.295279151943463 3.6656345914439123
0.2959321554770319 3.666369606824909
0.2965851590106008 3.667099065600273
0.2972381625441697 3.6678229792901247
0.2978911660777386 3.668541362444907
0.2985441696113075 3.6692542326050095
0.2991971731448764 3.669961610256342
0.2998501766784453 3.6706635187819883
0.3005031802120142 3.6713599844101
0.3011561837455831 3.6720510361581775
0.301809187279152 3.6727367057739158
0.3024621908127209 3.673417027672769
0.30311519434628986 3.6740920388724283
0.30376819787985876 3.6747617789243847
0.30442120141342766 3.6754262898427688
0.30507420494699655 3.6760856160306603
0.30572720848056545 3.676739804204056
0.30638021201413435 3.6773889033137
0.30703321554770324 3.6780329644649696
0.30768621908127214 3.678672040836018
0.3083392226148411 3.6793061875943742
0.30899222614841 3.6799354618121964
0.3096452296819789 3.680559922380381
0.3102982332155478 3.681179629921718
0.3109512367491167 3.68179464670329
0.3116042402826856 3.682405036548304
0.3122572438162545 3.6830108647475446
0.3129102473498234 3.683612197970629
0.3135632508833923 3.6842091041772402
0.3142162544169612 3.6848016525285225
0.3148692579505301 3.6853899132987893
0.315522261484099 3.685973957787722
0.3161752650176679 3.6865538582332062
0.3168282685512368 3.6871296877249558
0.31748127208480575 3.6877015201190724
0.31813427561837465 3.6882694299536674
0.31878727915194355 3.688833492365684
0.31944028268551244 3.6893937830090344
0.32009328621908134 3.6899503779741667
0.32074628975265024 3.6905033537091714
0.3213992932862192 3.691052786942522
0.3220522968197881 3.691598754607543
0.322705300353357 3.692141333768692
0.3233583038869259 3.6926806015497213
0.3240113074204948 3.693216635063805
0.3246643109540637 3.6937495113456755
0.32531731448763257 3.694279307285836
0.32597031802120147 3.6948060995668923
0.3266233215547704 3.6953299646020397
0.3272763250883393 3.6958509784757476
0.3279293286219082 3.6963692168866618
0.3285823321554771 3.6968847550927477
0.329235335689046 3.6973976678586897
0.32988833922261496 3.6979080294055526
0.33054134275618385 3.6984159133627164
0.33119434628975275 3.69892139272207
0.33184734982332165 3.699424539794468
0.33250035335689054 3.699925426168433
0.33315335689045944 3.700424122671087
0.33380636042402834 3.700920699331293
0.33445936395759723 3.7014152253449826
0.33511236749116613 3.701907769042635
0.3357653710247351 3.7023983978588872
0.336418374558304 3.7028871783042256
0.3370713780918729 3.703374175938733
0.33772438162544177 3.7038594553478457
0.33837738515901067 3.704343080120073
0.3390303886925796 3.7048251128266423
0.3396833922261485 3.7053056150030166
0.3403363957597174 3.7057846471322353
0.3409893992932863 3.7062622686300313
0.3416424028268552 3.706738537831668
0.3422954063604241 3.7072135119804477
0.342948409893993 3.7076872472178333
0.3436014134275619 3.708159798575133
0.3442544169611308 3.7086312199666884
0.34490742049469975 3.7091015641845164
0.34556042402826864 3.709570882894342
0.34621342756183754 3.710039226632974
0.34686643109540644 3.710506644806963
0.34751943462897533 3.71097318569249
0.3481724381625443 3.7114388964364244
0.3488254416961132 3.7119038230585084
0.3494784452296821 3.7123680104546026
0.350131448763251 3.712831502400947
0.35078445229681987 3.713294341559381
0.35143745583038877 3.7137565694834755
0.35209045936395766 3.714218226625522
0.35274346289752656 3.714679352344333
0.35339646643109546 3.7151399849138023
0.3540494699646644 3.715600161532181
0.3547024734982333 3.716059918332022
0.3553554770318022 3.716519290390747
0.3560084805653711 3.7169783117417925
0.35666148409894 3.7174370153862966
0.35731448763250895 3.7178954333052805
0.35796749116607784 3.718353596472285
0.35862049469964674 3.7188115348664286
0.35927349823321564 3.7192692774858456
0.35992650176678453 3.7197268523614695
0.36057950530035343 3.720184286571129
0.36123250883392233 3.72064160625392
0.3618855123674912 3.721098836624825
0.3625385159010601 3.7215560019895495
0.3631915194346291 3.722013125759542
0.36384452296819797 3.722470230467175
0.36449752650176687 3.72292733778106
0.36515053003533576 3.723384468521461
0.36580353356890466 3.723841642675801
0.3664565371024736 3.7242988794142207
0.3671095406360425 3.7247561971051737
0.3677625441696114 3.7252136133310465
0.3684155477031803 3.7256711449037656
0.3690685512367492 3.7261288078803902
0.3697215547703181 3.726586617578662
0.370374558303887 3.727044588592502
0.3710275618374559 3.727502734807434
0.3716805653710248 3.7279610694159255
0.37233356890459374 3.7284196049326264
0.37298657243816263 3.7288783532095
0.37363957597173153 3.7293373254508246
0.3742925795053004 3.729796532228067
0.3749455830388693 3.7302559834946067
0.3755985865724383 3.7307156886003097
0.37625159010600717 3.731175656305934
0.37690459363957607 3.731635894797371
0.37755759717314497 3.7320964116997057
0.37821060070671386 3.7325572140910914
0.37886360424028276 3.733018308516434
0.37951660777385166 3.733479701000886
0.38016961130742055 3.7339413970631306
0.38082261484098945 3.7344034017284673
0.3814756183745584 3.7348657195416894
0.3821286219081273 3.7353283545797447
0.3827816254416962 3.7357913104641853
0.3834346289752651 3.736254590373401
0.384087632508834 3.73671819705463
0.38474063604240294 3.7371821328357537
0.38539363957597184 3.7376463996368674
0.38604664310954073 3.7381109989816284
0.38669964664310963 3.7385759320083847
0.3873526501766785 3.739041199481076
0.3880056537102474 3.7395068017999176
0.3886586572438163 3.739972739011858
0.3893116607773852 3.7404390108208143
0.3899646643109541 3.7409056165976957
0.390617667844523 3.7413725553901935
0.39127067137809196 3.741839825932367
0.39192367491166086 3.7423074266540057
0.39257667844522975 3.7427753556897763
0.39322968197879865 3.743243610888164
0.3938826855123676 3.743712189820195
0.3945356890459365 3.7441810897879573
0.3951886925795054 3.744650307832911
0.3958416961130743 3.745119840744001
0.3964946996466432 3.745589685065562
0.3971477031802121 3.7460598371050304
0.397800706713781 3.746530292940461
0.3984537102473499 3.7470010484278493
0.3991067137809188 3.7474720992082653
0.3997597173144877 3.7479434407148013
0.4004127208480566 3.7484150681793356
0.4010657243816255 3.7488869766391186
0.4017187279151944 3.749359160943178
0.4023717314487633 3.7498316157585543
0.40302473498233227 3.750304335576362
0.40367773851590116 3.750777314717687
0.40433074204947006 3.7512505473393163
0.40498374558303896 3.7517240274393115
0.40563674911660785 3.7521977488624194
0.40628975265017675 3.752671705305335
0.40694275618374565 3.7531458903218056
0.40759575971731454 3.753620297327595
0.40824876325088344 3.7540949196052993
0.40890176678445234 3.7545697503090207
0.4095547703180213 3.755044782468907
0.4102077738515902 3.7555200089955543
0.4108607773851591 3.755995422684278
0.411513780918728 3.7564710162192574
0.41216678445229693 3.756946782177554
0.4128197879858658 3.7574227130330065
0.4134727915194347 3.757898801160012
0.4141257950530036 3.758375038837187
0.4147787985865725 3.758851418250915
0.4154318021201414 3.759327931498792
0.4160848056537103 3.759804570592955
0.4167378091872792 3.7602813274633142
0.4173908127208481 3.7607581939606844
0.418043816254417 3.7612351618598145
0.41869681978798595 3.7617122228623248
0.41934982332155485 3.7621893685995524
0.42000282685512375 3.762666590635308
0.42065583038869264 3.7631438804685415
0.4213088339222616 3.7636212295359317
0.4219618374558305 3.7640986292143874
0.4226148409893994 3.7645760708234746
0.4232678445229683 3.765053545627765
0.4239208480565372 3.7655310448391157
0.4245738515901061 3.7660085596188706
0.425226855123675 3.7664860810800027
0.42587985865724387 3.766963600289182
0.42653286219081277 3.7674411082687875
0.42718586572438166 3.7679185959988524
0.4278388692579506 3.768396054418954
0.4284918727915195 3.7688734744300465
0.4291448763250884 3.7693508468962404
0.4297978798586573 3.7698281626465295
0.43045088339222626 3.770305412476469
0.43110388692579515 3.770782587149805
0.43175689045936405 3.771259677400062
0.43240989399293295 3.771736673932085
0.43306289752650184 3.772213567423541
0.43371590106007074 3.7726903485263823
0.43436890459363964 3.773167007868276
0.43502190812720853 3.773643536053994
0.43567491166077743 3.7741199236667717
0.4363279151943463 3.774596161269641
0.4369809187279153 3.7750722394067293
0.4376339222614842 3.7755481486045332
0.4382869257950531 3.77602387937317
0.43893992932862197 3.7764994222076034
0.4395929328621909 3.7769747675888503
0.4402459363957598 3.777449905985169
0.4408989399293287 3.777924827853228
0.4415519434628976 3.778399523639261
0.4422049469964665 3.7788739837802123
0.4428579505300354 3.779348198704861
0.4435109540636043 3.779822158834947
0.4441639575971732 3.7802958545862806
0.4448169611307421 3.7807692763698477
0.445469964664311 3.7812424145929153
0.44612296819787994 3.7817152596601287
0.44677597173144884 3.7821878019746085
0.44742897526501774 3.782660031939052
0.44808197879858663 3.783131939956836
0.4487349823321556 3.783603516433118
0.4493879858657245 3.784074751775953
0.4500409893992934 3.784545636397412
0.4506939929328623 3.7850161607147115
0.45134699646643117 3.785486315151353
0.45200000000000007 3.7859560901382787
0.45265300353356897 3.7864254761150367
0.45330600706713786 3.786894463530968
0.45395901060070676 3.787363042846408
0.45461201413427565 3.787831204533908
0.4552650176678446 3.788298939079482
0.4559180212014135 3.788766236983868
0.4565710247349824 3.7892330887638255
0.4572240282685513 3.7896994849534513
0.45787703180212025 3.790165416105527
0.45853003533568915 3.7906308727928946
0.45918303886925804 3.791095845609867
0.45983604240282694 3.79156032517367
0.46048904593639584 3.7920243021259195
0.46114204946996473 3.7924877671341353
0.46179505300353363 3.792950710893298
0.4624480565371025 3.7934131241274396
0.4631010600706714 3.793874997591282
0.4637540636042403 3.794336322071919
0.46440706713780927 3.7947970883905393
0.46506007067137817 3.795257287404207
0.46571307420494706 3.7957169100076804
0.46636607773851596 3.796175947135291
0.4670190812720849 3.7966343897628727
0.4676720848056538 3.7970922289097437
0.4683250883392227 3.7975494556407514
0.4689780918727916 3.7980060610683686
0.4696310954063605 3.7984620363548576
0.4702840989399294 3.798917372714493
0.4709371024734983 3.7993720614158484
0.4715901060070672 3.7998260937841524
0.4722431095406361 3.8002794612037114
0.472896113074205 3.8007321551204036
0.47354911660777393 3.8011841670442412
0.47420212014134283 3.801635488552015
0.4748551236749117 3.802086111290005
0.4755081272084806 3.8025360269767785
0.4761611307420496 3.8029852274060616
0.4768141342756185 3.8034337044496946
0.47746713780918737 3.8038814500606737
0.47812014134275627 3.804328456276276
0.47877314487632516 3.8047747152212703
0.47942614840989406 3.805220219111226
0.48007915194346296 3.8056649602559025
0.48073215547703185 3.806108931062743
0.48138515901060075 3.806552124040456
0.48203816254416965 3.806994531802701
0.4826911660777386 3.807436147071868
0.4833441696113075 3.8078769626829625
0.4839971731448764 3.8083169715875935
0.4846501766784453 3.8087561668580667
0.48530318021201424 3.809194541691584
0.48595618374558314 3.8096320894145523
0.48660918727915203 3.810068803487009
0.48726219081272093 3.8105046775071507
0.4879151943462898 3.810939705215984
0.4885681978798587 3.8113738805020922
0.4892212014134276 3.8118071974065177
0.4898742049469965 3.8122396501277667
0.4905272084805654 3.812671233026934
0.4911802120141343 3.813101940632954
0.49183321554770326 3.813531767647974
0.49248621908127216 3.8139607089528558
0.49313922261484106 3.814388759612805
0.49379222614840995 3.8148159148831295
0.4944452296819789 3.8152421702151296
0.4950982332155478 3.8156675212621196
0.4957512367491167 3.8160919638855857
0.4964042402826856 3.816515494161474
0.4970572438162545 3.816938108386617
0.4977102473498234 3.817359803085299
0.4983632508833923 3.8177805750159544
0.4990162544169612 3.818200421178009
0.4996692579505301 3.8186193388188574
0.500322261484099 3.8190373254409833
0.500975265017668 3.8194543788092146
0.5016282685512368 3.8198704969581287
0.5022812720848058 3.820285678199588
0.5029342756183746 3.8206999211304247
0.5035872791519436 3.8211132246402606
0.5042402826855125 3.821525587919473
0.5048932862190814 3.821937010467296
0.5055462897526503 3.822347492100066
0.5061992932862192 3.8227570329596032
0.506852296819788 3.8231656335217314
0.507505300353357 3.8235732946049383
0.5081583038869258 3.8239800173791667
0.5088113074204947 3.824385803374745
0.5094643109540637 3.824790654491446
0.5101173144876325 3.825194573007679
0.5107703180212015 3.825597561589809
0.5114233215547703 3.825999623301604
0.5120763250883393 3.826400761613802
0.5127293286219081 3.8268009804138012
0.5133823321554771 3.827200284015468
0.514035335689046 3.8275986771690538
0.5146883392226149 3.8279961650712275
0.5153413427561838 3.8283927533752102
0.5159943462897527 3.828788448201011
0.5166473498233216 3.8291832561457593
0.5173003533568905 3.8295771842941306
0.5179533568904594 3.8299702402288553
0.5186063604240283 3.830362432041307
0.5192593639575973 3.8307537683421677
0.5199123674911661 3.8311442582721567
0.5205653710247351 3.831533911512822
0.5212183745583039 3.831922738297383
0.5218713780918729 3.832310749421619
0.5225243816254417 3.832697956254795
0.5231773851590107 3.8330843707506124
0.5238303886925796 3.833470005458184
0.5244833922261485 3.833854873533013
0.5251363957597174 3.8342389887479786
0.5257893992932863 3.8346223655043015
0.5264424028268552 3.8350050188424976
0.5270954063604241 3.83538696445329
0.5277484098939931 3.835768218688483
0.5284014134275619 3.8361487985717755
0.5290544169611309 3.836528721809503
0.5297074204946997 3.8369080068013015
0.5303604240282687 3.8372866726506683
0.5310134275618374 3.8376647391754153
0.5316664310954065 3.838042226917997
0.5323194346289754 3.838419157155691
0.5329724381625442 3.8387955519106307
0.5336254416961131 3.839171433959654
0.534278445229682 3.8395468268439714
0.5349314487632509 3.8399217548786195
0.5355844522968198 3.8402962431616934
0.5362374558303887 3.840670317583333
0.5368904593639576 3.841044004834449
0.5375434628975266 3.8414173324151664
0.5381964664310954 3.8417903286429658
0.5388494699646644 3.8421630226605092
0.5395024734982332 3.8425354444431163
0.5401554770318022 3.8429076248058847
0.540808480565371 3.843279595410424
0.54146148409894 3.8436513887711854
0.5421144876325089 3.844023038261363
0.5427674911660778 3.844394578118349
0.5434204946996467 3.8447660434487125
0.5440734982332156 3.8451374702326873
0.5447265017667845 3.8455088953281398
0.5453795053003534 3.845880356473996
0.5460325088339224 3.8462518922931057
0.5466855123674912 3.8466235422945165
0.5473385159010602 3.8469953468751377
0.547991519434629 3.847367347320767
0.548644522968198 3.847739585806462
0.5492975265017668 3.848112105396222
0.5499505300353358 3.848484950041971
0.5506035335689047 3.8488581645818063
0.5512565371024736 3.8492317947374954
0.5519095406360425 3.849605887111196
0.5525625441696114 3.8499804891813785
0.5532155477031803 3.850355649297925
0.5538685512367492 3.850731416676388
0.5545215547703181 3.8511078413913835
0.555174558303887 3.851484974369095
0.555827561837456 3.8518628673788764
0.5564805653710247 3.852241573023928
0.5571335689045938 3.8526211447310246
0.5577865724381625 3.8530016367392856
0.5584395759717315 3.853383104087962
0.5590925795053003 3.853765602603227
0.5597455830388693 3.8541491888839574
0.5603985865724382 3.854533920286489
0.5610515901060071 3.854919854908328
0.561704593639576 3.8553070515708217
0.5623575971731449 3.8556955698007584
0.5630106007067138 3.8560854698109033
0.5636636042402827 3.8564768124794564
0.5643166077738517 3.856869659328423
0.5649696113074205 3.857264072500901
0.5656226148409895 3.8576601147372735
0.5662756183745583 3.8580578493503124
0.5669286219081273 3.8584573401991897
0.5675816254416961 3.858858651662398
0.5682346289752651 3.8592618486095924
0.568887632508834 3.8596669963723502
0.5695406360424029 3.8600741607138636
0.5701936395759718 3.8604834077975765
0.5708466431095407 3.8608948041547713
0.5714996466431096 3.8613084166511307
0.5721526501766785 3.8617243124522824
0.5728056537102474 3.862142558988354
0.5734586572438163 3.862563223917553
0.5741116607773853 3.862986375088803
0.5747646643109541 3.863412080503452
0.5754176678445231 3.863840408276101
0.5760706713780919 3.864271426594554
0.5767236749116609 3.864705203678957
0.5773766784452297 3.8651418077401343
0.5780296819787987 3.865581306937175
0.5786826855123676 3.8660237693343045
0.5793356890459365 3.8664692628570876
0.5799886925795054 3.8669178552480026
0.5806416961130743 3.867369614021438
0.5812946996466432 3.867824606418161
0.581947703180212 3.8682828993593037
0.5826007067137811 3.8687445593999277
0.5832537102473498 3.8692096526822186
0.5839067137809189 3.8696782448883655
0.5845597173144876 3.8701504011931886
0.5852127208480566 3.870626186216573
0.5858657243816254 3.871105663975768
0.5865187279151944 3.871588897837625
0.5871717314487633 3.872075950470825
0.5878247349823322 3.872566883798173
0.5884777385159011 3.873061758949022
0.58913074204947 3.8735606362118937
0.5897837455830389 3.874063574987366
0.5904367491166078 3.874570633741297
0.5910897526501767 3.8750818699584544
0.5917427561837456 3.87559734009662
0.5923957597173146 3.8761170995412444
0.5930487632508834 3.8766412025607107
0.5937017667844524 3.877169702262293
0.5943547703180212 3.8777026505488674
0.5950077738515902 3.8782400980764464
0.595660777385159 3.8787820942126117
0.596313780918728 3.879328686995908
0.5969667844522969 3.8798799230962615
0.5976197879858658 3.880435847776496
0.5982727915194347 3.8809965048550046
0.5989257950530036 3.8815619366696406
0.5995787985865725 3.8821321840428915
0.6002318021201414 3.882707286248388
0.6008848056537104 3.8832872809788115
0.6015378091872792 3.883872204315251
0.6021908127208482 3.8844620906980625
0.602843816254417 3.8850569728992754
0.603496819787986 3.8856568819966046
0.6041498233215548 3.886261847349097
0.6048028268551238 3.8868718965744677
0.6054558303886927 3.887487055528151
0.6061088339222616 3.8881073482841133
0.6067618374558305 3.8887327971174495
0.6074148409893994 3.8893634224887967
0.6080678445229682 3.8899992430305903
0.6087208480565371 3.89064027553518
0.609373851590106 3.891286534944826
0.6100268551236749 3.8919380343435925
0.610679858657244 3.892594784951145
0.6113328621908127 3.8932567961184565
0.6119858657243817 3.893924075325439
0.6126388692579505 3.8945966281804765
0.6132918727915195 3.8952744584218832
0.6139448763250883 3.8959575679212604
0.6145978798586573 3.8966459566887433
0.6152508833922262 3.8973396228801325
0.6159038869257951 3.8980385628058842
0.616556890459364 3.8987427709419378
0.6172098939929329 3.8994522399423586
0.6178628975265018 3.9001669606537677
0.6185159010600707 3.900886922131526
0.6191689045936397 3.901612111657639
0.6198219081272085 3.9023425147603437
0.6204749116607775 3.903078115235339
0.6211279151943463 3.903818895168617
0.6217809187279153 3.9045648349608473
0.6224339222614841 3.905315913353268
0.6230869257950531 3.906072107455035
0.623739929328622 3.90683339277197
0.6243929328621909 3.9075997432366636
0.6250459363957598 3.908371131239869
0.6256989399293287 3.9091475276631273
0.6263519434628976 3.9099289019125747
0.6270049469964665 3.9107152219538577
0.6276579505300354 3.911506454348106
0.6283109540636043 3.91230256428889
0.6289639575971733 3.913103515640108
0.6296169611307421 3.9139092709747287
0.6302699646643111 3.914719791614336
0.6309229681978799 3.915535037669395
0.6315759717314489 3.9163549680801886
0.6322289752650176 3.9171795406583483
0.6328819787985867 3.918008712128922
0.6335349823321555 3.918842438172899
0.6341879858657244 3.9196806734701477
0.6348409893992933 3.9205233717426835
0.6354939929328622 3.9213704857982097
0.6361469964664311 3.9222219675738734
0.6368 3.923077768180163
0.637453003533569 3.923937837944898
0.6381060070671378 3.924802126457241
0.6387590106007068 3.925670582611682
0.6394120141342756 3.92654315465193
0.6400650176678446 3.927419790214665
0.6407180212014134 3.9283004363730845
0.6413710247349824 3.929185039680204
0.6420240282685513 3.930073546211851
0.6426770318021202 3.930965901609313
0.6433300353356891 3.9318620511215805
0.643983038869258 3.93276193964715
0.6446360424028269 3.9336655117753407
0.6452890459363958 3.9345727118270792
0.6459420494699647 3.9354834838951183
0.6465950530035336 3.9363977718836494
0.6472480565371026 3.937315519547277
0.6479010600706714 3.9382366705293164
0.6485540636042404 3.9391611683993863
0.6492070671378092 3.9400889566902695
0.6498600706713782 3.9410199789340146
0.650513074204947 3.941954178697243
0.651166077738516 3.9428914996156617
0.6518190812720849 3.94383188542773
0.6524720848056538 3.944775280007493
0.6531250883392227 3.9457216273965394
0.6537780918727916 3.9466708718350847
0.6544310954063605 3.9476229577921598
0.6550840989399294 3.9485778299948953
0.6557371024734984 3.9495354334568926
0.6563901060070672 3.9504957135056746
0.6570431095406362 3.951458615809208
0.657696113074205 3.9524240864014972
0.658349116607774 3.953392071707243
0.6590021201413427 3.9543625185655653
0.6596551236749117 3.955335374252798
0.6603081272084806 3.9563105865043444
0.6609611307420495 3.957288103535611
0.6616141342756184 3.958267874062012
0.6622671378091873 3.95924984731806
0.6629201413427562 3.9602339730755465
0.6635731448763251 3.961220201660815
0.664226148409894 3.96220848397115
0.6648791519434629 3.963198771490274
0.6655321554770319 3.9641910163029817
0.6661851590106007 3.96518517110891
0.6668381625441697 3.9661811892354697
0.6674911660777385 3.9671790246499334
0.6681441696113075 3.9681786319707197
0.6687971731448763 3.9691799664778675
0.6694501766784453 3.970182984122727
0.6701031802120142 3.9711876415368814
0.6707561837455831 3.9721938960403143
0.671409187279152 3.973201705648845
0.6720621908127209 3.9742110290808452
0.6727151943462898 3.9752218257632537
0.6733681978798587 3.9762340558369123
0.6740212014134277 3.977247680161242
0.6746742049469965 3.978262660318271
0.6753272084805655 3.97927895861604
0.6759802120141343 3.9802965380914013
0.6766332155477033 3.981315362512234
0.6772862190812721 3.982335396379089
0.6779392226148411 3.9833566049262883
0.67859222614841 3.9843789541224925
0.6792452296819789 3.9854024106707637
0.6798982332155478 3.9864269420081317
0.6805512367491167 3.9874525163046934
0.6812042402826856 3.9884791024622563
0.6818572438162545 3.989506670112549
0.6825102473498234 3.9905351896150156
0.6831632508833922 3.9915646320542106
0.6838162544169613 3.992594969236816
0.68446925795053 3.9936261736882943
0.685122261484099 3.994658218649199
0.6857752650176678 3.9956910780711548
0.6864282685512368 3.996724726612527
0.6870812720848056 3.9977591396337995
0.6877342756183746 3.99879429319267
0.6883872791519435 3.999830164038885
0.6890402826855124 4.000866729608829
0.6896932862190813 4.001903968019878
0.6903462897526502 4.00294185806454
0.6909992932862191 4.003980379204391
0.691652296819788 4.005019511563818
0.692305300353357 4.006059235923595
0.6929583038869258 4.007099533714288
0.6936113074204948 4.0081403870095205
0.6942643109540636 4.009181778519093
0.6949173144876326 4.010223691581983
0.6955703180212014 4.011266110159231
0.6962233215547704 4.01230901882673
0.6968763250883393 4.013352402767909
0.6975293286219082 4.014396247766356
0.6981823321554771 4.015440540198362
0.698835335689046 4.016485267025398
0.6994883392226149 4.0175304157865535
0.7001413427561838 4.018575974590931
0.7007943462897527 4.019621932109999
0.7014473498233216 4.020668277569931
0.7021003533568906 4.021715000743925
0.7027533568904594 4.022762091944509
0.7034063604240284 4.023809542015853
0.7040593639575972 4.024857342326082
0.7047123674911662 4.025905484759605
0.705365371024735 4.026953961709457
0.706018374558304 4.028002766069672
0.7066713780918729 4.029051891227681
0.7073243816254418 4.030101331056755
0.7079773851590107 4.031151079908477
0.7086303886925795 4.03220113260527
0.7092833922261484 4.033251484432973
0.7099363957597173 4.03430213113347
0.7105893992932864 4.035353068897381
0.7112424028268551 4.036404294356814
0.7118954063604241 4.0374558045781885
0.7125484098939929 4.038507597055121
0.7132014134275619 4.039559669701393
0.7138544169611307 4.0406120208439855
0.7145074204946997 4.041664649216205
0.7151604240282686 4.042717553950876
0.7158134275618375 4.043770734573629
0.7164664310954064 4.04482419099627
0.7171194346289753 4.045877923510238
0.7177724381625442 4.046931932780151
0.7184254416961131 4.047986219837443
0.719078445229682 4.049040786074099
0.7197314487632509 4.050095633236473
0.7203844522968199 4.05115076341921
0.7210374558303887 4.052206179059263
0.7216904593639577 4.05326188293
0.7223434628975265 4.054317878135412
0.7229964664310955 4.055374168104421
0.7236494699646643 4.056430756585282
0.7243024734982333 4.057487647640089
0.7249554770318022 4.058544845639367
0.7256084805653711 4.059602355256777
0.72626148409894 4.060660181463912
0.7269144876325089 4.06171832952519
0.7275674911660778 4.062776804992849
0.7282204946996467 4.063835613702036
0.7288734982332157 4.064894761765996
0.7295265017667845 4.065954255571351
0.7301795053003535 4.067014101773489
0.7308325088339223 4.068074307292026
0.7314855123674913 4.069134879306389
0.73213851590106 4.0701958252514645
0.7327915194346291 4.071257152813367
0.733444522968198 4.072318869925276
0.7340975265017669 4.073380984763373
0.7347505300353357 4.0744435057428765
0.7354035335689046 4.075506441514148
0.7360565371024735 4.076569800958895
0.7367095406360424 4.077633593186461
0.7373625441696113 4.078697827530197
0.7380155477031802 4.079762513543913
0.7386685512367492 4.0808276609984135
0.739321554770318 4.081893279878119
0.739974558303887 4.082959380377755
0.7406275618374558 4.084025972899127
0.7412805653710248 4.085093068047966
0.7419335689045936 4.0861606766308505
0.7425865724381626 4.087228809652197
0.7432395759717315 4.08829747831133
0.7438925795053004 4.0893666939996045
0.7445455830388693 4.090436468297614
0.7451985865724382 4.091506812972453
0.7458515901060071 4.092577739975039
0.746504593639576 4.09364926143751
0.747157597173145 4.094721389670669
0.7478106007067138 4.095794137161491
0.7484636042402828 4.096867516570685
0.7491166077738516 4.097941540730316
0.7497696113074206 4.099016222641465
0.7504226148409894 4.10009157547195
0.7510756183745584 4.101167612554096
0.7517286219081273 4.102244347382539
0.7523816254416962 4.103321793612091
0.7530346289752651 4.1043999650556255
0.753687632508834 4.105478875682022
0.7543406360424029 4.106558539614134
0.7549936395759718 4.107638971126802
0.7556466431095407 4.108720184644887
0.7562996466431096 4.109802194741351
0.7569526501766786 4.110885016135348
0.7576056537102474 4.111968663690353
0.7582586572438164 4.113053152412311
0.7589116607773851 4.114138497447805
0.7595646643109542 4.115224714082246
0.760217667844523 4.116311817738074
0.760870671378092 4.117399823972981
0.7615236749116608 4.118488748478138
0.7621766784452297 4.119578607076432
0.7628296819787986 4.1206694157207115
0.7634826855123675 4.121761190492034
0.7641356890459364 4.122853947597912
0.7647886925795053 4.123947703370563
0.7654416961130742 4.125042474265148
0.7660946996466431 4.126138276858005
0.766747703180212 4.127235127844875
0.7674007067137809 4.128333044039111
0.7680537102473499 4.129432042369872
0.7687067137809188 4.130532139880295
0.7693597173144877 4.1316333537256575
0.7700127208480566 4.132735701171491
0.7706657243816255 4.133839199591691
0.7713187279151944 4.134943866466579
0.7719717314487633 4.136049719380939
0.7726247349823322 4.137156776022008
0.7732777385159011 4.138265054177431
0.77393074204947 4.139374571733168
0.7745837455830389 4.1404853466713565
0.7752367491166078 4.141597397068116
0.7758897526501767 4.142710741091301
0.7765427561837456 4.143825396998196
0.7771957597173146 4.144941383133141
0.7778487632508835 4.146058717925102
0.7785017667844524 4.147177419885153
0.7791547703180213 4.148297507603906
0.7798077738515902 4.149418999748839
0.7804607773851591 4.150541915061561
0.781113780918728 4.151666272354976
0.7817667844522969 4.1527920905103635
0.7824197879858658 4.153919388474358
0.7830727915194347 4.1550481852558345
0.7837257950530035 4.156178499922686
0.7843787985865724 4.15731035159849
0.7850318021201413 4.15844375945906
0.7856848056537102 4.1595787427288915
0.7863378091872792 4.16071532067746
0.7869908127208481 4.161853512615417
0.787643816254417 4.162993337890628
0.7882968197879859 4.1641348158840925
0.7889498233215548 4.165277966005705
0.7896028268551237 4.166422807689873
0.7902558303886926 4.167569360390979
0.7909088339222615 4.168717643578679
0.7915618374558304 4.169867676733042
0.7922148409893993 4.171019479339506
0.7928678445229682 4.1721730708836695
0.7935208480565371 4.173328470845883
0.794173851590106 4.174485698695669
0.7948268551236749 4.175644773885928
0.7954798586572439 4.176805715846953
0.7961328621908128 4.177968543980231
0.7967858657243817 4.179133277652031
0.7974388692579506 4.180299936186765
0.7980918727915195 4.181468538860126
0.7987448763250884 4.182639104891986
0.7993978798586573 4.1838116534390535
0.8000508833922262 4.184986203587281
0.8007038869257951 4.186162774344013
0.801356890459364 4.187341384629875
0.8020098939929329 4.188522053270383
0.8026628975265018 4.189704798987287
0.8033159010600707 4.190889640389611
0.8039689045936396 4.192076595964416
0.8046219081272086 4.193265684067249
0.8052749116607775 4.1944569229122886
0.8059279151943464 4.195650330562171
0.8065809187279153 4.196845924917493
0.8072339222614842 4.198043723705982
0.8078869257950531 4.19924374447132
0.808539929328622 4.2004460045616225
0.8091929328621909 4.201650521117563
0.8098459363957597 4.202857311060125
0.8104989399293286 4.204066391077984
0.8111519434628975 4.205277777614512
0.8118049469964664 4.2064914868543815
0.8124579505300353 4.2077075347097805
0.8131109540636042 4.208925936806216
0.8137639575971732 4.210146708467908
0.8144169611307421 4.211369864702753
0.815069964664311 4.212595420186863
0.8157229681978799 4.213823389248661
0.8163759717314488 4.215053785852537
0.8170289752650177 4.216286623582036
0.8176819787985866 4.217521915622599
0.8183349823321555 4.2187596747438185
0.8189879858657244 4.219999913281232
0.8196409893992933 4.221242643117612
0.8202939929328622 4.2224878756637825
0.8209469964664311 4.223735621838921
0.8216 4.224985892050363
0.8222530035335689 4.226238696172889
0.8229060070671379 4.227494043527498
0.8235590106007068 4.228751942859651
0.8242120141342757 4.230012402316984
0.8248650176678446 4.23127542942649
0.8255180212014135 4.232541031071161
0.8261710247349824 4.2338092134660705
0.8268240282685513 4.235079982133929
0.8274770318021202 4.23635334188007
0.8281300353356891 4.237629296766886
0.828783038869258 4.238907850087706
0.8294360424028269 4.240189004340117
0.8300890459363958 4.241472761198712
0.8307420494699647 4.242759121487293
0.8313950530035336 4.244048085150494
0.8320480565371026 4.24533965122486
0.8327010600706715 4.246633817809349
0.8333540636042404 4.2479305820352975
0.8340070671378093 4.249229940035807
0.8346600706713782 4.25053188691461
0.835313074204947 4.251836416714363
0.835966077738516 4.253143522384425
0.8366190812720848 4.254453195748091
0.8372720848056537 4.255765427469313
0.8379250883392226 4.257080207018896
0.8385780918727915 4.258397522640211
0.8392310954063604 4.259717361314403
0.8398840989399293 4.261039708725132
0.8405371024734982 4.26236454922285
0.8411901060070672 4.26369186578864
0.8418431095406361 4.265021639997617
0.842496113074205 4.26635385198194
0.8431491166077739 4.267688480393429
0.8438021201413428 4.2690255023658175
0.8444551236749117 4.270364893476679
0.8451081272084806 4.271706627709035
0.8457611307420495 4.273050677412682
0.8464141342756184 4.274397013265277
0.8470671378091873 4.275745604233191
0.8477201413427562 4.2770964175321895
0.8483731448763251 4.278449418587959
0.849026148409894 4.279804570996534
0.8496791519434629 4.281161836484648
0.8503321554770319 4.282521174870067
0.8509851590106008 4.283882544021944
0.8516381625441697 4.285245899821246
0.8522911660777386 4.2866111961213
0.8529441696113075 4.287978384708516
0.8535971731448764 4.289347415263338
0.8542501766784453 4.2907182353214806
0.8549031802120142 4.292090790235527
0.8555561837455831 4.293465023136922
0.856209187279152 4.29484087489846
0.8568621908127209 4.296218284097305
0.8575151943462898 4.297597186978638
0.8581681978798587 4.298977517419991
0.8588212014134275 4.300359206896355
0.8594742049469966 4.301742184446127
0.8601272084805655 4.303126376637986
0.8607802120141343 4.30451170753879
0.8614332155477032 4.305898098682559
0.8620862190812721 4.3072854690406555
0.862739222614841 4.308673734993234
0.8633922261484099 4.310062810302075
0.8640452296819788 4.311452606084872
0.8646982332155477 4.312843030791095
0.8653512367491166 4.314233990179514
0.8660042402826855 4.315625387297493
0.8666572438162544 4.317017122462145
0.8673102473498233 4.318409093243478
0.8679632508833922 4.319801194449604
0.8686162544169612 4.321193318114152
0.8692692579505301 4.322585353485966
0.869922261484099 4.323977187021224
0.8705752650176679 4.325368702378059
0.8712282685512368 4.32675978041382
0.8718812720848057 4.3281502991850616
0.8725342756183746 4.32954013395039
0.8731872791519435 4.330929157176261
0.8738402826855124 4.33231723854585
0.8744932862190813 4.333704244971102
0.8751462897526502 4.335090040608051
0.8757992932862191 4.336474486875547
0.876452296819788 4.337857442477459
0.8771053003533569 4.3392387634284795
0.8777583038869259 4.34061830308362
0.8784113074204948 4.341995912171485
0.8790643109540637 4.343371438831435
0.8797173144876326 4.344744728654705
0.8803703180212015 4.3461156247295705
0.8810233215547704 4.347483967690652
0.8816763250883393 4.348849595772395
0.8823293286219082 4.350212344866848
0.8829823321554771 4.351572048585735
0.883635335689046 4.352928538326937
0.8842883392226148 4.354281643345381
0.8849413427561837 4.355631190828419
0.8855943462897526 4.356977005975689
0.8862473498233215 4.358318912083519
0.8869003533568905 4.3596567306338585
0.8875533568904594 4.360990281387761
0.8882063604240283 4.362319382483412
0.8888593639575972 4.363643850538683
0.8895123674911661 4.364963500758185
0.890165371024735 4.366278147044802
0.8908183745583039 4.367587602115647
0.8914713780918728 4.368891677622374
0.8921243816254417 4.370190184275801
0.8927773851590106 4.371482931974745
0.8934303886925795 4.372769729938981
0.8940833922261484 4.374050386846227
0.8947363957597173 4.375324710973017
0.8953893992932862 4.376592510339366
0.8960424028268552 4.377853592857046
0.8966954063604241 4.379107766481349
0.897348409893993 4.380354839366151
0.8980014134275619 4.381594620022102
0.8986544169611308 4.3828269174777486
0.8993074204946997 4.384051541443391
0.8999604240282686 4.385268302477441
0.9006134275618375 4.386477012155068
0.9012664310954064 4.387677483238888
0.9019194346289753 4.388869529851438
0.9025724381625442 4.390052967649179
0.9032254416961131 4.391227613997761
0.903878445229682 4.392393288148253
0.9045314487632509 4.393549811414063
0.9051844522968199 4.394697007348237
0.9058374558303888 4.39583470192084
0.9064904593639577 4.396962723696094
0.9071434628975266 4.398080904008961
0.9077964664310955 4.399189077140846
0.9084494699646644 4.4002870804940875
0.9091024734982333 4.401374754764895
0.9097554770318022 4.402451944114418
0.910408480565371 4.403518496337582
0.9110614840989399 4.404574263029378
0.9117144876325088 4.405619099748252
0.9123674911660777 4.406652866176268
