0.010479520479520499 2.739330520790563
0.011459040959040934 2.7561025323775064
0.012438561438561369 2.7729169523071806
0.013418081918081914 2.789726416211881
0.01439760239760235 2.8064894779390985
0.015377122877122895 2.8231697335625556
0.01635664335664333 2.8397351328801044
0.017336163836163765 2.8561574266819743
0.01831568431568431 2.872411714705694
0.019295204795204746 2.8884760698489202
0.02027472527472529 2.904331221237294
0.021254245754245726 2.919960283496291
0.02223376623376616 2.9353485228629337
0.023213286713286707 2.9504831530922706
0.024192807192807142 2.9653531557795416
0.025172327672327688 2.979949120935028
0.026151848151848123 2.99426310454932
0.027131368631368558 3.0082885005629727
0.028110889110889103 3.022019925168188
0.02909040959040954 3.0354531117649337
0.030069930069930084 3.0485848152003885
0.03104945054945052 3.0614127241607108
0.032028971028971065 3.0739353807741994
0.0330084915084915 3.0861521066362996
0.033988011988011935 3.098062934588772
0.03496753246753248 3.1096685456838715
0.035947052947052915 3.1209702108448814
0.03692657342657346 3.131969736800362
0.037906093906093896 3.1426694159240487
0.03888561438561433 3.15307197965779
0.03986513486513488 3.1631805552328585
0.04084465534465531 3.1729986254369984
0.04182417582417586 3.182529991201668
0.04280369630369629 3.191778736806978
0.04378321678321673 3.2007491975216427
0.04476273726273727 3.2094459295122517
0.04574225774225771 3.2178736818709326
0.046721778221778254 3.2260373706233585
0.04770129870129869 3.2339420545902313
0.048680819180819124 3.2415929129853764
0.04966033966033967 3.2489952246422766
0.050639860139860104 3.2561543487687135
0.05161938061938065 3.263075707136183
0.052598901098901085 3.269764767616984
0.05357842157842152 3.2762270289875817
0.054557942057942066 3.2824680069219787
0.0555374625374625 3.288493221103513
0.05651698301698305 3.2943081833878143
0.05749650349650348 3.2999183869535473
0.058476023976023916 3.3053292963812884
0.05945554445554446 3.310546338604172
0.0604350649350649 3.315574894677135
0.06141458541458544 3.3204202923144845
0.06239410589410588 3.3250877991482413
0.06337362637362631 3.3295826166622824
0.06435314685314686 3.333909874759699
0.0653326673326673 3.338074626923054
0.06631218781218784 3.342081845929366
0.06729170829170827 3.3459364200836466
0.06827122877122871 3.3496431499367465
0.06925074925074926 3.353206745455066
0.07023026973026969 3.3566318236114037
0.07120979020979024 3.3599229063678564
0.07218931068931067 3.363084419023222
0.0731688311688311 3.3661206888988504
0.07414835164835165 3.369035944338274
0.07512787212787209 3.3718343139973017
0.07610739260739263 3.3745198264025347
0.07708691308691307 3.377096409757467
0.0780664335664335 3.3795678919765106
0.07904595404595405 3.3819380009283715
0.08002547452547448 3.3842103648712722
0.08100499500499503 3.386388513063517
0.08198451548451546 3.3884758765338416
0.0829640359640359 3.3904757889969277
0.08394355644355644 3.3923914879003094
0.08492307692307688 3.3942261155897375
0.08590259740259742 3.3959827205808666
0.08688211788211786 3.3976642589258597
0.0878616383616383 3.3992735956642535
0.08884115884115884 3.400813506348073
0.08982067932067928 3.4022866786318633
0.09080019980019982 3.403695713918907
0.09177972027972026 3.4050431290554815
0.09275924075924069 3.4063313580655725
0.09373876123876124 3.4075627539189846
0.09471828171828167 3.408739590326292
0.09569780219780222 3.409864063554547
0.09667732267732265 3.4109382942581066
0.09765684315684309 3.411964329319382
0.09863636363636363 3.4129441436946966
0.09961588411588407 3.4138796422608304
0.10059540459540461 3.414772661658198
0.10157492507492505 3.4156249721269156
0.10255444555444548 3.4164382793323784
0.10353396603396603 3.4172142261772276
0.10451348651348646 3.4179543945968978
0.10549300699300701 3.418660307336199
0.10647252747252745 3.419333429704629
0.10745204795204788 3.4199751713083537
0.10843156843156843 3.4205868877570214
0.10941108891108886 3.4211698823437726
0.1103906093906094 3.4217254076970076
0.11137012987012984 3.4222546674026537
0.11234965034965039 3.4227588175958474
0.11332917082917082 3.423238968521095
0.11430869130869126 3.4236961860601376
0.1152882117882118 3.4241314932268647
0.11626773226773224 3.4245458716287636
0.11724725274725278 3.424940262894503
0.11822677322677322 3.425315570067354
0.11920629370629365 3.42567265896426
0.1201858141858142 3.4260123595004552
0.12116533466533463 3.4263354669796158
0.12214485514485518 3.4266427433496127
0.12312437562437561 3.426934918423994
0.12410389610389605 3.4272126910694056
0.1250834165834166 3.427476730359205
0.12606293706293703 3.4277276766935856
0.12704245754245758 3.4279661428865693
0.128021978021978 3.428192715220286
0.12900149850149845 3.428407954466967
0.129981018981019 3.4286123968791524
0.13096053946053943 3.4288065551486144
0.13194005994005997 3.4289909193345287
0.1329195804195804 3.4291659577614753
0.13389910089910084 3.4293321178878307
0.1348786213786214 3.4294898271451686
0.13585814185814182 3.429639493749268
0.13683766233766237 3.429781507483372
0.1378171828171828 3.4299162404543173
0.13879670329670324 3.430044047822184
0.13977622377622378 3.430165268504121
0.14075574425574422 3.4302802258529805
0.14173526473526477 3.4303892283114346
0.1427147852147852 3.430492570042207
0.14369430569430564 3.430590531535085
0.14467382617382618 3.4306833801913528
0.14565334665334662 3.430771370886288
0.14663286713286716 3.4308547465103625
0.1476123876123876 3.4309337384897796
0.14859190809190803 3.431008567286964
0.14957142857142858 3.431079442881631
0.150550949050949 3.4311465652330364
0.15153046953046956 3.4312101247239997
0.15250999000999 3.4312703025873
0.15348951048951043 3.431327271315009
0.15446903096903097 3.4313811950513364
0.1554485514485514 3.431432229969532
0.15642807192807195 3.431480524633401
0.1574075924075924 3.4315262203439474
0.15838711288711282 3.4315694514716784
0.15936663336663337 3.4316103457750646
0.1603461538461538 3.43164902470566
0.16132567432567435 3.4316856037003505
0.16230519480519479 3.431720192461219
0.16328471528471522 3.4317528952234597
0.16426423576423577 3.4317838110118077
0.1652437562437562 3.4318130338858985
0.16622327672327675 3.4318406531749877
0.16720279720279718 3.431866753702432
0.16818231768231762 3.431891416000325
0.16916183816183816 3.431914716514678
0.1701413586413586 3.431936727801507
0.17112087912087914 3.431957518714191
0.17210039960039958 3.431977154582448
0.17307992007992 3.4319956973832646
0.17405944055944056 3.4320132059041026
0.175038961038961 3.432029735898702
0.17601848151848154 3.432045340235775
0.17699800199800197 3.4320600690408964
0.1779775224775224 3.432073969831861
0.17895704295704296 3.432087087647789
0.1799365634365634 3.4320994651722425
0.18091608391608394 3.4321111428505966
0.18189560439560437 3.432122159001928
0.1828751248751248 3.4321325499256377
0.18385464535464535 3.4321423500030446
0.1848341658341658 3.4321515917941703
0.18581368631368633 3.432160306129916
0.18679320679320677 3.4321685221998406
0.1877727272727272 3.43217626763573
0.18875224775224775 3.4321835685911486
0.18973176823176818 3.432190449817146
0.19071128871128873 3.432196934734297
0.19169080919080916 3.4322030455012342
0.1926703296703296 3.432208803079838
0.19364985014985014 3.4322142272972305
0.19462937062937058 3.4322193369047205
0.19560889110889113 3.432224149633844
0.19658841158841156 3.4322286822496264
0.1975679320679321 3.4322329506012013
0.19854745254745254 3.4322369696699053
0.19952697302697298 3.432240753614972
0.20050649350649352 3.432244315816925
0.20148601398601396 3.432247668918797
0.2024655344655345 3.432250824865261
0.20344505494505494 3.432253794939782
0.20442457542457537 3.4322565897998847
0.20540409590409592 3.432259219510615
0.20638361638361635 3.4322616935763013
0.2073631368631369 3.432264020970679
0.20834265734265733 3.4322662101654755
0.20932217782217777 3.432268269157508
0.21030169830169831 3.432270205494393
0.21128121878121875 3.432272026298914
0.2122607392607393 3.4322737382921225
0.21324025974025973 3.4322753478152386
0.21421978021978016 3.432276860850399
0.2151993006993007 3.4322782830403216
0.21617882117882115 3.4322796197069363
0.2171583416583417 3.432280875869027
0.21813786213786213 3.4322820562589493
0.21911738261738256 3.432283165338454
0.2200969030969031 3.432284207313672
0.22107642357642354 3.432285186149306
0.2220559440559441 3.432286105582051
0.22303546453546452 3.4322869691333104
0.22401498501498496 3.432287780121219
0.2249945054945055 3.4322885416720195
0.22597402597402594 3.4322892567308325
0.22695354645354648 3.432289928071834
0.22793306693306692 3.4322905583078858
0.22891258741258735 3.432291149899641
0.2298921078921079 3.4322917051641553
0.23087162837162833 3.4322922262830238
0.23185114885114888 3.4322927153100746
0.23283066933066932 3.4322931741786413
0.23381018981018975 3.4322936047084314
0.2347897102897103 3.4322940086120197
0.23576923076923073 3.4322943875009804
0.23674875124875128 3.4322947428916812
0.2377282717282717 3.4322950762107527
0.23870779220779215 3.432295388800258
0.2396873126873127 3.43229568192257
0.24066683316683313 3.4322959567649756
0.24164635364635367 3.4322962144440288
0.2426258741258741 3.432296456009648
0.24360539460539454 3.432296682448994
0.2445849150849151 3.4322968946901233
0.24556443556443552 3.4322970936054347
0.24654395604395607 3.432297280014923
0.2475234765234765 3.4322974546892486
0.24850299700299694 3.43229761835263
0.24948251748251749 3.432297771685573
0.2504620379620379 3.432297915327444
0.25144155844155847 3.432298049878896
0.2524210789210789 3.432298175904156
0.25340059940059934 3.43229829393318
0.2543801198801199 3.432298404463685
0.2553596403596403 3.432298507963063
0.25633916083916086 3.432298604870185
0.2573186813186813 3.432298695597101
0.25829820179820173 3.432298780530641
0.2592777222777223 3.43229886003392
0.2602572427572427 3.4322989344477635
0.26123676323676326 3.43229900409204
0.2622162837162837 3.4322990692669215
0.26319580419580413 3.4322991302540706
0.2641753246753247 3.4322991873177537
0.2651548451548451 3.4322992407058934
0.26613436563436565 3.432299290651056
0.2671138861138861 3.432299337371383
0.2680934065934065 3.432299381071463
0.26907292707292707 3.4322994219431595
0.2700524475524475 3.432299460166384
0.27103196803196805 3.432299495909823
0.2720114885114885 3.4322995293316243
0.2729910089910089 3.4322995605800424
0.27397052947052947 3.432299589794044
0.2749500499500499 3.4322996171038773
0.27592957042957045 3.432299642631607
0.2769090909090909 3.4322996664916197
0.2778886113886113 3.4322996887910953
0.27886813186813186 3.432299709630452
0.2798476523476523 3.4322997291037667
0.28082717282717284 3.4322997472991625
0.2818066933066933 3.432299764299183
0.2827862137862138 3.4322997801811352
0.28376573426573426 3.432299795017417
0.2847452547452547 3.432299808875822
0.28572477522477524 3.432299821819826
0.2867042957042957 3.432299833908859
0.2876838161838162 3.4322998451985542
0.28866333666333666 3.4322998557409914
0.2896428571428571 3.4322998655849135
0.29062237762237764 3.432299874775941
0.29160189810189807 3.432299883356766
0.2925814185814186 3.432299891367337
0.29356093906093905 3.432299898845032
0.2945404595404595 3.432299905824822
0.29551998001998003 3.4322999123394204
0.29649950049950047 3.4322999184194294
0.297479020979021 3.4322999240934715
0.29845854145854145 3.432299929388315
0.2994380619380619 3.4322999343289955
0.30041758241758243 3.43229993893892
0.30139710289710286 3.4322999432399777
0.3023766233766234 3.4322999472526305
0.30335614385614385 3.4322999509960104
0.3043356643356643 3.4322999544879984
0.3053151848151848 3.4322999577453093
0.30629470529470526 3.4322999607835656
0.3072742257742258 3.432299963617366
0.30825374625374624 3.4322999662603526
0.3092332667332667 3.432299968725273
0.3102127872127872 3.4322999710240363
0.31119230769230766 3.43229997316777
0.3121718281718282 3.4322999751668672
0.31315134865134864 3.4322999770310365
0.3141308691308691 3.4322999787693456
0.3151103896103896 3.4322999803902636
0.31608991008991005 3.432299981901699
0.3170694305694306 3.4322999833110357
0.31804895104895103 3.4322999846251703
0.31902847152847147 3.4322999858505385
0.320007992007992 3.432299986993151
0.32098751248751245 3.4322999880586185
0.321967032967033 3.432299989052176
0.32294655344655343 3.4322999899787114
0.32392607392607387 3.432299990842786
0.3249055944055944 3.4322999916486556
0.32588511488511485 3.432299992400293
0.3268646353646354 3.432299993101403
0.3278441558441558 3.4322999937554433
0.32882367632367626 3.4322999943656396
0.3298031968031968 3.432299994935001
0.33078271728271724 3.4322999954663342
0.3317622377622378 3.432299995962256
0.3327417582417582 3.4322999964252094
0.33372127872127866 3.43229999685747
0.3347007992007992 3.4322999972611616
0.33568031968031964 3.4322999976382635
0.3366598401598402 3.4322999979906226
0.3376393606393606 3.4322999983199587
0.33861888111888105 3.432299998627877
0.3395984015984016 3.4322999989158727
0.34057792207792204 3.4322999991853407
0.3415574425574426 3.4322999994375794
0.342536963036963 3.4322999996738006
0.34351648351648345 3.432299999895134
0.344496003996004 3.43230000010263
0.34547552447552443 3.4323000002972703
0.346455044955045 3.4323000004799677
0.3474345654345654 3.432300000651574
0.34841408591408585 3.4323000008128814
0.3493936063936064 3.4323000009646303
0.35037312687312683 3.4323000011075084
0.3513526473526474 3.432300001242157
0.3523321678321678 3.4323000013691742
0.35331168831168824 3.432300001489117
0.3542912087912088 3.432300001602503
0.3552707292707292 3.4323000017098164
0.35625024975024977 3.432300001811507
0.3572297702297702 3.432300001907994
0.35820929070929064 3.432300001999668
0.3591888111888112 3.432300002086894
0.3601683316683316 3.4323000021700096
0.36114785214785217 3.432300002249331
0.3621273726273726 3.432300002325153
0.36310689310689304 3.4323000023977492
0.3640864135864136 3.432300002467376
0.365065934065934 3.4323000025342707
0.36604545454545456 3.432300002598655
0.367024975024975 3.432300002660736
0.36800449550449554 3.4323000027207073
0.368984015984016 3.4323000027787476
0.3699635364635364 3.4323000028350243
0.37094305694305696 3.4323000028896944
0.3719225774225774 3.4323000029429034
0.37290209790209794 3.4323000029947868
0.3738816183816184 3.4323000030454724
0.3748611388611388 3.432300003095078
0.37584065934065936 3.432300003143715
0.3768201798201798 3.4323000031914863
0.37779970029970034 3.4323000032384883
0.37877922077922077 3.4323000032848117
0.3797587412587412 3.4323000033305404
0.38073826173826175 3.432300003375754
0.3817177822177822 3.4323000034205258
0.38269730269730273 3.432300003464926
0.38367682317682317 3.4323000035090185
0.3846563436563436 3.4323000035528657
0.38563586413586415 3.432300003596524
0.3866153846153846 3.432300003640047
0.38759490509490513 3.4323000036834865
0.38857442557442556 3.4323000037268883
0.389553946053946 3.432300003770299
0.39053346653346654 3.432300003813759
0.391512987012987 3.4323000038573106
0.3924925074925075 3.4323000039009903
0.39347202797202796 3.432300003944835
0.3944515484515484 3.4323000039888774
0.39543106893106894 3.4323000040331504
0.3964105894105894 3.432300004077685
0.3973901098901099 3.4323000041225105
0.39836963036963036 3.432300004167655
0.3993491508491508 3.4323000042131446
0.40032867132867134 3.4323000042590057
0.40130819180819177 3.432300004305263
0.4022877122877123 3.4323000043519394
0.40326723276723275 3.432300004399059
0.4042467532467532 3.432300004446643
0.40522627372627373 3.432300004494713
0.40620579420579417 3.4323000045432903
0.4071853146853147 3.432300004592395
0.40816483516483515 3.4323000046420464
0.4091443556443556 3.432300004692264
0.41012387612387613 3.432300004743067
0.41110339660339656 3.4323000047944734
0.4120829170829171 3.4323000048465016
0.41306243756243755 3.4323000048991696
0.414041958041958 3.4323000049524954
0.4150214785214785 3.4323000050064962
0.41600099900099896 3.4323000050611894
0.4169805194805195 3.4323000051165926
0.41796003996003994 3.4323000051727224
0.4189395604395604 3.4323000052295964
0.4199190809190809 3.4323000052872317
0.42089860139860136 3.4323000053456454
0.4218781218781219 3.432300005404854
0.42285764235764234 3.4323000054648753
0.4238371628371628 3.432300005525727
0.4248166833166833 3.4323000055874253
0.42579620379620375 3.4323000056499877
0.4267757242757243 3.432300005713433
0.42775524475524473 3.4323000057777775
0.42873476523476517 3.43230000584304
0.4297142857142857 3.432300005909238
0.43069380619380615 3.43230000597639
0.4316733266733267 3.432300006044515
0.43265284715284713 3.4323000061136306
0.43363236763236757 3.4323000061837563
0.4346118881118881 3.432300006254912
0.43559140859140855 3.432300006327116
0.4365709290709291 3.432300006400389
0.4375504495504495 3.4323000064747506
0.43852997002996996 3.4323000065502214
0.4395094905094905 3.4323000066268223
0.44048901098901094 3.4323000067045744
0.4414685314685315 3.432300006783499
0.4424480519480519 3.4323000068636182
0.44342757242757236 3.432300006944954
0.4444070929070929 3.432300007027529
0.44538661338661334 3.4323000071113667
0.4463661338661339 3.4323000071964906
0.4473456543456543 3.432300007282924
0.44832517482517487 3.432300007370692
0.4493046953046953 3.432300007459819
0.45028421578421574 3.4323000075503303
0.4512637362637363 3.4323000076422523
0.4522432567432567 3.4323000077356114
0.45322277722277726 3.4323000078304333
0.4542022977022977 3.432300007926747
0.45518181818181813 3.4323000080245794
0.4561613386613387 3.4323000081239594
0.4571408591408591 3.4323000082249164
0.45812037962037966 3.43230000832748
0.4590999000999001 3.432300008431681
0.46007942057942053 3.4323000085375495
0.4610589410589411 3.4323000086451176
0.4620384615384615 3.4323000087544173
0.46301798201798205 3.4323000088654823
0.4639975024975025 3.432300008978346
0.4649770229770229 3.4323000090930424
0.46595654345654347 3.4323000092096074
0.4669360639360639 3.432300009328076
0.46791558441558445 3.432300009448486
0.4688951048951049 3.4323000095708736
0.4698746253746253 3.432300009695278
0.47085414585414587 3.432300009821738
0.4718336663336663 3.432300009950293
0.47281318681318685 3.4323000100809855
0.4737927072927073 3.4323000102138557
0.4747722277722277 3.4323000103489463
0.47575174825174826 3.4323000104863013
0.4767312687312687 3.4323000106259656
0.47771078921078924 3.432300010767984
0.4786903096903097 3.4323000109124036
0.4796698301698301 3.432300011059272
0.48064935064935066 3.432300011208637
0.4816288711288711 3.432300011360549
0.48260839160839164 3.4323000115150593
0.4835879120879121 3.432300011672219
0.4845674325674325 3.4323000118320817
0.48554695304695306 3.432300011994702
0.4865264735264735 3.432300012160135
0.48750599400599404 3.4323000123284375
0.48848551448551447 3.432300012499668
0.4894650349650349 3.4323000126738865
0.49044455544455545 3.4323000128511527
0.4914240759240759 3.4323000130315298
0.49240359640359643 3.4323000132150816
0.49338311688311687 3.4323000134018717
0.4943626373626374 3.4323000135919686
0.49534215784215785 3.432300013785439
0.4963216783216783 3.432300013982354
0.49730119880119883 3.432300014182784
0.49828071928071926 3.4323000143868025
0.4992602397602398 3.4323000145944844
0.5002397602397602 3.4323000148059064
0.5012192807192807 3.432300015021146
0.5021988011988012 3.432300015240284
0.5031783216783217 3.432300015463402
0.5041578421578421 3.432300015690584
0.5051373626373626 3.4323000159219172
0.5061168831168831 3.432300016157489
0.5070964035964036 3.4323000163973885
0.5080759240759241 3.432300016641709
0.5090554445554445 3.4323000168905446
0.510034965034965 3.4323000171439926
0.5110144855144856 3.432300017402152
0.511994005994006 3.4323000176651237
0.5129735264735265 3.4323000179330116
0.5139530469530469 3.432300018205923
0.5149325674325674 3.4323000184839665
0.515912087912088 3.432300018767254
0.5168916083916084 3.432300019055899
0.5178711288711288 3.43230001935002
0.5188506493506493 3.4323000196497366
0.5198301698301698 3.4323000199551714
0.5208096903096904 3.432300020266451
0.5217892107892108 3.4323000205837046
0.5227687312687312 3.4323000209070638
0.5237482517482517 3.432300021236665
0.5247277722277722 3.4323000215726474
0.5257072927072928 3.4323000219151534
0.5266868131868132 3.4323000222643283
0.5276663336663336 3.432300022620322
0.5286458541458541 3.4323000229832887
0.5296253746253746 3.432300023353385
0.5306048951048952 3.432300023730773
0.5315844155844156 3.4323000241156176
0.532563936063936 3.432300024508088
0.5335434565434565 3.4323000249083586
0.534522977022977 3.432300025316607
0.5355024975024976 3.4323000257330167
0.536482017982018 3.4323000261577747
0.5374615384615384 3.432300026591074
0.5384410589410589 3.4323000270331114
0.5394205794205794 3.4323000274840894
0.5404000999001 3.432300027944215
0.5413796203796204 3.4323000284137017
0.5423591408591408 3.432300028892768
0.5433386613386613 3.4323000293816377
0.5443181818181818 3.432300029880541
0.5452977022977024 3.4323000303897135
0.5462772227772228 3.4323000309093974
0.5472567432567432 3.4323000314398415
0.5482362637362637 3.432300031981301
0.5492157842157842 3.432300032534037
0.5501953046953048 3.4323000330983184
0.5511748251748252 3.4323000336744216
0.5521543456543456 3.4323000342626293
0.5531338661338661 3.4323000348632315
0.5541133866133866 3.4323000354765276
0.5550929070929072 3.432300036102824
0.5560724275724276 3.4323000367424346
0.557051948051948 3.4323000373956827
0.5580314685314685 3.4323000380629
0.559010989010989 3.432300038744428
0.5599905094905095 3.4323000394406153
0.56097002997003 3.4323000401518224
0.5619495504495504 3.4323000408784186
0.5629290709290709 3.432300041620782
0.5639085914085914 3.4323000423793038
0.5648881118881119 3.4323000431543833
0.5658676323676324 3.432300043946432
0.5668471528471528 3.4323000447558725
0.5678266733266732 3.432300045583139
0.5688061938061938 3.432300046428679
0.5697857142857143 3.4323000472929492
0.5707652347652348 3.4323000481764225
0.5717447552447552 3.4323000490795827
0.5727242757242756 3.4323000500029286
0.5737037962037962 3.432300050946971
0.5746833166833167 3.432300051912238
0.5756628371628372 3.4323000528992695
0.5766423576423576 3.4323000539086226
0.577621878121878 3.432300054940869
0.5786013986013986 3.4323000559965973
0.5795809190809191 3.4323000570764126
0.5805604395604396 3.4323000581809375
0.58153996003996 3.4323000593108115
0.5825194805194804 3.4323000604666936
0.583499000999001 3.4323000616492605
0.5844785214785215 3.4323000628592095
0.585458041958042 3.432300064097257
0.5864375624375624 3.4323000653641405
0.5874170829170828 3.4323000666606194
0.5883966033966034 3.4323000679874736
0.5893761238761239 3.4323000693455072
0.5903556443556444 3.4323000707355473
0.5913351648351648 3.4323000721584447
0.5923146853146852 3.432300073615076
0.5932942057942058 3.432300075106343
0.5942737262737263 3.4323000766331737
0.5952532467532468 3.432300078196524
0.5962327672327672 3.432300079797378
0.5972122877122876 3.4323000814367495
0.5981918081918082 3.432300083115681
0.5991713286713287 3.4323000848352474
0.6001508491508492 3.4323000865965554
0.6011303696303696 3.432300088400744
0.60210989010989 3.432300090248988
0.6030894105894106 3.432300092142496
0.6040689310689311 3.4323000940825135
0.6050484515484515 3.4323000960703247
0.606027972027972 3.432300098107251
0.6070074925074924 3.432300100194655
0.607987012987013 3.4323001023339406
0.6089665334665335 3.4323001045265547
0.609946053946054 3.4323001067739884
0.6109255744255744 3.432300109077778
0.6119050949050948 3.4323001114395075
0.6128846153846154 3.4323001138608102
0.6138641358641359 3.4323001163433693
0.6148436563436563 3.4323001188889197
0.6158231768231768 3.4323001214992512
0.6168026973026972 3.4323001241762086
0.6177822177822178 3.432300126921694
0.6187617382617383 3.43230012973767
0.6197412587412587 3.43230013262616
0.6207207792207792 3.432300135589251
0.6217002997002996 3.4323001386290963
0.6226798201798202 3.432300141747916
0.6236593406593407 3.432300144948002
0.6246388611388611 3.4323001482317177
0.6256183816183816 3.4323001516015026
0.626597902097902 3.432300155059873
0.6275774225774226 3.432300158609427
0.6285569430569431 3.432300162252844
0.6295364635364635 3.432300165992892
0.630515984015984 3.4323001698324256
0.6314955044955044 3.432300173774393
0.632475024975025 3.4323001778218374
0.6334545454545455 3.432300181977901
0.6344340659340659 3.4323001862458278
0.6354135864135864 3.432300190628967
0.6363931068931069 3.432300195130779
0.6373726273726273 3.4323001997548355
0.6383521478521479 3.432300204504827
0.6393316683316683 3.432300209384564
0.6403111888111888 3.4323002143979844
0.6412907092907093 3.4323002195491545
0.6422702297702297 3.432300224842277
0.6432497502497503 3.4323002302816934
0.6442292707292707 3.4323002358718897
0.6452087912087912 3.4323002416175026
0.6461883116883117 3.432300247523323
0.6471678321678321 3.4323002535943026
0.6481473526473527 3.4323002598355608
0.6491268731268731 3.4323002662523883
0.6501063936063936 3.432300272850255
0.6510859140859141 3.432300279634817
0.6520654345654345 3.4323002866119214
0.6530449550449551 3.432300293787615
0.6540244755244755 3.43230030116815
0.655003996003996 3.4323003087599946
0.6559835164835165 3.4323003165698363
0.6569630369630369 3.4323003246045944
0.6579425574425575 3.4323003328714257
0.6589220779220779 3.4323003413777347
0.6599015984015983 3.432300350131182
0.6608811188811189 3.4323003591396946
0.6618606393606393 3.4323003684114743
0.6628401598401599 3.432300377955011
0.6638196803196803 3.4323003877790894
0.6647992007992007 3.4323003978928033
0.6657787212787213 3.432300408305566
0.6667582417582417 3.432300419027121
0.6677377622377623 3.4323004300675586
0.6687172827172827 3.4323004414373237
0.6696968031968031 3.4323004531472328
0.6706763236763237 3.4323004652084874
0.6716558441558441 3.4323004776326878
0.6726353646353647 3.432300490431849
0.6736148851148851 3.4323005036184173
0.6745944055944055 3.432300517205285
0.6755739260739261 3.4323005312058084
0.6765534465534465 3.432300545633827
0.6775329670329671 3.43230056050368
0.6785124875124875 3.432300575830227
0.6794920079920079 3.4323005916288682
0.6804715284715285 3.432300607915564
0.681451048951049 3.432300624706858
0.6824305694305695 3.4323006420199
0.6834100899100899 3.43230065987247
0.6843896103896103 3.432300678283001
0.6853691308691309 3.432300697270606
0.6863486513486514 3.432300716855105
0.6873281718281719 3.4323007370570537
0.6883076923076923 3.4323007578977696
0.6892872127872127 3.432300779399365
0.6902667332667333 3.4323008015847782
0.6912462537462538 3.432300824477805
0.6922257742257742 3.432300848103134
0.6932052947052947 3.4323008724863837
0.6941848151848151 3.432300897654136
0.6951643356643357 3.4323009236339797
0.6961438561438562 3.432300950454546
0.6971233766233766 3.4323009781455553
0.6981028971028971 3.4323010067378585
0.6990824175824175 3.4323010362634836
0.7000619380619381 3.432301066755683
0.7010414585414586 3.4323010982489848
0.702020979020979 3.4323011307792437
0.7030004995004995 3.4323011643836954
0.7039800199800199 3.4323011991010133
0.7049595404595405 3.432301234971369
0.705939060939061 3.4323012720364914
0.7069185814185814 3.4323013103397333
0.7078981018981019 3.4323013499261372
0.7088776223776223 3.4323013908425066
0.7098571428571429 3.432301433137478
0.7108366633366634 3.432301476861599
0.7118161838161838 3.432301522067406
0.7127957042957043 3.432301568809508
0.7137752247752247 3.4323016171446765
0.7147547452547452 3.4323016671319304
0.7157342657342658 3.4323017188326377
0.7167137862137862 3.432301772310609
0.7176933066933067 3.432301827632204
0.7186728271728271 3.432301884866439
0.7196523476523476 3.4323019440851
0.7206318681318682 3.43230200536286
0.7216113886113886 3.4323020687774024
0.7225909090909091 3.432302134409551
0.7235704295704295 3.4323022023434033
0.72454995004995 3.4323022726664725
0.7255294705294706 3.432302345469834
0.726508991008991 3.432302420848279
0.7274885114885115 3.432302498900476
0.7284680319680319 3.432302579729139
0.7294475524475524 3.4323026634412024
0.730427072927073 3.432302750148006
0.7314065934065934 3.432302839965487
0.7323861138861139 3.4323029330143813
0.7333656343656343 3.4323030294204333
0.7343451548451548 3.432303129314618
0.7353246753246754 3.4323032328333682
0.7363041958041958 3.432303340118819
0.7372837162837163 3.432303451319058
0.7382632367632367 3.4323035665883896
0.7392427572427572 3.432303686087612
0.7402222777222778 3.4323038099843064
0.7412017982017982 3.432303938453138
0.7421813186813186 3.4323040716761763
0.7431608391608391 3.4323042098432244
0.7441403596403596 3.4323043531521673
0.7451198801198802 3.432304501809336
0.7460994005994006 3.432304656029889
0.747078921078921 3.432304816038211
0.7480584415584415 3.432304982068332
0.749037962037962 3.432305154364365
0.7500174825174826 3.432305333180964
0.750997002997003 3.432305518783808
0.7519765234765234 3.432305711450102
0.752956043956044 3.432305911469107
0.7539355644355644 3.4323061191426927
0.754915084915085 3.4323063347859204
0.7558946053946054 3.432306558727648
0.7568741258741258 3.432306791311169
0.7578536463536464 3.4323070328948835
0.7588331668331668 3.432307283852997
0.7598126873126874 3.4323075445762563
0.7607922077922078 3.4323078154727225
0.7617717282717282 3.4323080969685775
0.7627512487512488 3.4323083895089757
0.7637307692307692 3.432308693558931
0.7647102897102898 3.432309009604255
0.7656898101898102 3.4323093381525323
0.7666693306693306 3.4323096797341535
0.7676488511488512 3.4323100349033933
0.7686283716283716 3.432310404239542
0.7696078921078922 3.4323107883480963
0.7705874125874126 3.4323111878620076
0.771566933066933 3.4323116034429924
0.7725464535464536 3.432312035782909
0.773525974025974 3.4323124856052027
0.7745054945054946 3.4323129536664223
0.775485014985015 3.4323134407578153
0.7764645354645354 3.432313947707002
0.777444055944056 3.4323144753797328
0.7784235764235764 3.432315024681738
0.779403096903097 3.432315596560668
0.7803826173826174 3.4323161920081313
0.7813621378621378 3.4323168120618415
0.7823416583416584 3.4323174578078666
0.7833211788211788 3.432318130382999
0.7843006993006993 3.432318830977243
0.7852802197802198 3.432319560836432
0.7862597402597402 3.432320321264978
0.7872392607392608 3.4323211136287646
0.7882187812187812 3.432321939358189
0.7891983016983017 3.4323227999513586
0.7901778221778222 3.432323696977456
0.7911573426573426 3.432324632080276
0.7921368631368632 3.432325606981949
0.7931163836163836 3.4323266234868566
0.7940959040959041 3.4323276834857483
0.7950754245754246 3.43232878896008
0.796054945054945 3.432329941986574
0.7970344655344656 3.432331144742019
0.798013986013986 3.4323323995083244
0.7989935064935065 3.432333708677839
0.799973026973027 3.432335074758949
0.8009525474525474 3.4323365003819726
0.801932067932068 3.4323379883053695
0.8029115884115884 3.4323395414222726
0.8038911088911089 3.432341162767374
0.8048706293706294 3.4323428555241713
0.8058501498501498 3.432344623032604
0.8068296703296703 3.4323464687970966
0.8078091908091908 3.4323483964950308
0.8087887112887113 3.4323504099856708
0.8097682317682318 3.4323525133195725
0.8107477522477522 3.432354710748492
0.8117272727272727 3.4323570067358338
0.8127067932067932 3.432359405967657
0.8136863136863137 3.4323619133642818
0.8146658341658342 3.4323645340925197
0.8156453546453546 3.432367273578573
0.8166248751248751 3.432370137521626
0.8176043956043956 3.4323731319081863
0.8185839160839161 3.4323762630272
0.8195634365634366 3.4323795374859967
0.820542957042957 3.4323829622271034
0.8215224775224775 3.432386544545984
0.822501998001998 3.4323902921097464
0.8234815184815185 3.432394212976886
0.824461038961039 3.432398315618106
0.8254405594405594 3.432402608938297
0.8264200799200799 3.4324071022997225
0.8273996003996004 3.4324118055464905
0.8283791208791209 3.4324167290303826
0.8293586413586413 3.432421883638114
0.8303381618381618 3.43242728082011
0.8313176823176823 3.432432932620886
0.8322972027972028 3.4324388517111197
0.8332767232767233 3.4324450514215172
0.8342562437562437 3.432451545778573
0.8352357642357642 3.432458349542327
0.8362152847152847 3.4324654782462534
0.8371948051948052 3.432472948239376
0.8381743256743257 3.4324807767307655
0.8391538461538461 3.4324889818365345
0.8401333666333666 3.4324975826294954
0.8411128871128871 3.4325065991916155
0.8420924075924076 3.4325160526694423
0.8430719280719281 3.4325259653326774
0.8440514485514485 3.432536360636066
0.845030969030969 3.432547263284807
0.8460104895104895 3.4325586993036854
0.84699000999001 3.4325706961101456
0.8479695304695305 3.43258328259153
0.8489490509490509 3.4325964891867335
0.8499285714285714 3.432610347972526
0.8509080919080919 3.432624892754825
0.8518876123876123 3.4326401591651905
0.8528671328671329 3.432656184762876
0.8538466533466533 3.432673009142726
0.8548261738261738 3.432690674049302
0.8558056943056943 3.432709223497569
0.8567852147852147 3.432728703900552
0.8577647352647353 3.432749164204354
0.8587442557442557 3.4327706560309923
0.8597237762237762 3.4327932338294813
0.8607032967032967 3.4328169550356815
0.8616828171828171 3.4328418802414062
0.8626623376623377 3.43286807337335
0.8636418581418581 3.4328956018823957
0.8646213786213786 3.4329245369439447
0.8656008991008991 3.4329549536698947
0.8665804195804195 3.4329869313329575
0.8675599400599401 3.43302055360406
0.8685394605394605 3.433055908803585
0.869518981018981 3.4330930901672794
0.8704985014985015 3.433132196127693
0.871478021978022 3.4331733306120658
0.8724575424575425 3.4332166033576303
0.8734370629370629 3.4332621302453803
0.8744165834165833 3.433310033653363
0.8753961038961039 3.4333604428306708
0.8763756243756244 3.4334134942933536
0.8773551448551449 3.433469332243524
0.8783346653346653 3.433528109013072
0.8793141858141859 3.4335899855333722
0.8802937062937063 3.4336551318325617
0.8812732267732268 3.4337237275620205
0.8822527472527473 3.433795962553708
0.8832322677322677 3.4338720374102696
0.8842117882117883 3.43395216412972
0.8851913086913087 3.43403656676682
0.8861708291708292 3.4341254821332785
0.8871503496503497 3.4342191605390004
0.8881298701298701 3.434317866576832
0.8891093906093906 3.4344218799533324
0.8900889110889111 3.43453149636818
0.8910684315684316 3.434647028445195
0.8920479520479521 3.4347688067177353
0.8930274725274725 3.4348971806718627
0.894006993006993 3.4350325198503944
0.8949865134865135 3.435175215021512
0.895966033966034 3.4353256794154636
0.8969455544455545 3.435484350033475
0.8979250749250749 3.435651689032675
0.8989045954045954 3.4358281851917023
0.8998841158841159 3.4360143554612503
0.9008636363636364 3.436210746604572
0.9018431568431569 3.436417936932786
0.9028226773226773 3.43663653814048
0.9038021978021978 3.4368671972470186
0.9047817182817183 3.437110598649455
0.9057612387612388 3.437367466293241
0.9067407592407593 3.437638565967037
0.9077202797202797 3.437924707728533
0.9086998001998002 3.4382267484680553
0.9096793206793207 3.4385455946177443
0.9106588411588412 3.438882205013511
0.9116383616383616 3.439237593918287
0.9126178821178821 3.439612834214509
0.9135974025974026 3.440009060775154
0.9145769230769231 3.4404274740214835
0.9155564435564436 3.4408693436780298
0.916535964035964 3.4413360127336445
0.9175154845154845 3.4418289016193913
0.918495004995005 3.4423495126130654
0.9194745254745255 3.4428994344818205
0.920454045954046 3.443480347373408
0.9214335664335664 3.444094027967554
0.9224130869130869 3.4447423548991822
0.9233926073926074 3.4454273144648373
0.9243721278721279 3.4461510066250445
0.9253516483516484 3.4469156513137773
0.9263311688311688 3.4477235950680396
0.9273106893106893 3.4485773179888963
0.9282902097902098 3.4494794410468335
0.9292697302697303 3.450432733742361
0.9302492507492508 3.451440122134111
0.9312287712287712 3.4525046972451876
0.9322082917082917 3.453629723857889
0.9331878121878122 3.4548186497068856
0.9341673326673327 3.4560751150792783
0.9351468531468532 3.4574029628287968
0.9361263736263736 3.4588062488097315
0.9371058941058941 3.4602892527349796
0.9380854145854146 3.461856489460017
0.939064935064935 3.463512720690391
0.9400444555444556 3.4652629671112316
0.941023976023976 3.4671125209285827
0.9420034965034965 3.4690669588126704
0.942983016983017 3.4711321552245615
0.9439625374625374 3.473314296104841
0.944942057942058 3.475619892894836
0.9459215784215784 3.4780557968537615
0.9469010989010989 3.4806292136263886
0.9478806193806194 3.483347718004938
0.9488601398601398 3.4862192688230444
0.9498396603396604 3.4892522238937667
0.9508191808191808 3.492455354907778
0.9517987012987013 3.49583786217192
0.9527782217782218 3.4994093890655216
0.9537577422577422 3.5031800360563516
0.9547372627372628 3.5071603741073596
0.9557167832167832 3.5113614572643166
0.9566963036963037 3.515794834199442
0.9576758241758242 3.520472558430074
0.9586553446553446 3.5254071969157246
0.9596348651348652 3.530611836670078
0.9606143856143856 3.536100088993168
0.961593906093906 3.5418860908602476
0.9625734265734266 3.54798450294385
0.963552947052947 3.5544105036778455
0.9645324675324676 3.561179778685331
0.965511988011988 3.5683085048149246
0.9664915084915084 3.57581332790568
0.967471028971029 3.583711333324802
0.9684505494505494 3.5920200081575637
0.96943006993007 3.6007571938000376
0.9704095904095904 3.609941027578403
0.9713891108891108 3.6195898717694512
0.9723686313686314 3.629722228281994
0.9733481518481518 3.6403566369629083
0.9743276723276724 3.6515115552901443
0.9753071928071928 3.663205216919325
0.9762867132867132 3.675455466218184
0.9772662337662338 3.6882795656276834
0.9782457542457542 3.7016939722365145
0.9792252747252748 3.715714079548152
0.9802047952047952 3.730353919957681
0.9811843156843156 3.745625822855518
0.9821638361638362 3.7615400227110194
0.9831433566433566 3.7781042107902203
0.9841228771228772 3.795323023408573
0.9851023976023976 3.813197458764139
0.986081918081918 3.831724213465295
0.9870614385614386 3.8508949287900713
0.988040959040959 3.8706953355561518
0.9890204795204796 3.89110428511191
0.99 3.912092652601759