0.000000000000000000e+00 3.624980575263974103e+00
9.276437847866403179e-04 3.625390461496453387e+00
1.855287569573280636e-03 3.625800347728932227e+00
2.782931354359927459e-03 3.626210233961411067e+00
3.710575139146567777e-03 3.626620120193890351e+00
4.638218923933208095e-03 3.627030006426369191e+00
5.565862708719854918e-03 3.627439892658848475e+00
6.493506493506494802e-03 3.627849778891327315e+00
7.421150278293135553e-03 3.628259665123806155e+00
8.348794063079775438e-03 3.628669551356285439e+00
9.276437847866416189e-03 3.629079437588764279e+00
1.020408163265306214e-02 3.629489323821243119e+00
1.113172541743970290e-02 3.629899210053722403e+00
1.205936920222634365e-02 3.630309096286201243e+00
1.298701298701298960e-02 3.630718982518680082e+00
1.391465677179963036e-02 3.631128868751159366e+00
1.484230055658627111e-02 3.631538754983638206e+00
1.576994434137291012e-02 3.631948641216117046e+00
1.669758812615955088e-02 3.632358527448596330e+00
1.762523191094619857e-02 3.632768413681075170e+00
1.855287569573283932e-02 3.633178299913554454e+00
1.948051948051948007e-02 3.633588186146033294e+00
2.040816326530612429e-02 3.633998072378512134e+00
2.133580705009276504e-02 3.634407958610991418e+00
2.226345083487940579e-02 3.634817844843470258e+00
2.319109461966604654e-02 3.635227731075949098e+00
2.411873840445269077e-02 3.635637617308428382e+00
2.504638218923933499e-02 3.636047503540907222e+00
2.597402597402597574e-02 3.636457389773386062e+00
2.690166975881261302e-02 3.636867276005865346e+00
2.782931354359925724e-02 3.637277162238344186e+00
2.875695732838590146e-02 3.637687048470823470e+00
2.968460111317254221e-02 3.638096934703302310e+00
3.061224489795918297e-02 3.638506820935781150e+00
3.153988868274582025e-02 3.638916707168260434e+00
3.246753246753247141e-02 3.639326593400739274e+00
3.339517625231910869e-02 3.639736479633218114e+00
3.432282003710575291e-02 3.640146365865697398e+00
3.525046382189239713e-02 3.640556252098176238e+00
3.617810760667903441e-02 3.640966138330655077e+00
3.710575139146567863e-02 3.641376024563134362e+00
3.803339517625231592e-02 3.641785910795613201e+00
3.896103896103896014e-02 3.642195797028092041e+00
3.988868274582560436e-02 3.642605683260571325e+00
4.081632653061224858e-02 3.643015569493050165e+00
4.174397031539888586e-02 3.643425455725529449e+00
4.267161410018553008e-02 3.643835341958008289e+00
4.359925788497217430e-02 3.644245228190487129e+00
4.452690166975881159e-02 3.644655114422966413e+00
4.505454545454545581e-02 3.645065000655445253e+00
4.555454545454545581e-02 3.645138434704195518e+00
4.646464646464646547e-02 3.645573281854547876e+00
4.747474747474747514e-02 3.646008866545771721e+00
4.848484848484848481e-02 3.646445172771486387e+00
4.949494949494949447e-02 3.646882184476906819e+00
5.050505050505050414e-02 3.647319885560384556e+00
5.151515151515151381e-02 3.647758259874955389e+00
5.252525252525252347e-02 3.648197291229894557e+00
5.353535353535353314e-02 3.648636963392278165e+00
5.454545454545454281e-02 3.649077260088550823e+00
5.555555555555555247e-02 3.649518218812576098e+00
5.656565656565656908e-02 3.649959766676800665e+00
5.757575757575757874e-02 3.650401887287340053e+00
5.858585858585858147e-02 3.650844564216472410e+00
5.959595959595959808e-02 3.651287781004241229e+00
6.060606060606060080e-02 3.651731521160064275e+00
6.161616161616161741e-02 3.652175768164343861e+00
6.262626262626262708e-02 3.652620505470087320e+00
6.363636363636364368e-02 3.653065716504531046e+00
6.464646464646464641e-02 3.653511424717347911e+00
6.565656565656566301e-02 3.653957570669163157e+00
6.666666666666666574e-02 3.654404137715257406e+00
6.767676767676768235e-02 3.654851109192157832e+00
6.868686868686868507e-02 3.655298468419287072e+00
6.969696969696968780e-02 3.655746198700621452e+00
7.070707070707070441e-02 3.656194283326345218e+00
7.171717171717172101e-02 3.656642705574518537e+00
7.272727272727272374e-02 3.657091448712741499e+00
7.373737373737372647e-02 3.657540522127149973e+00
7.474747474747474307e-02 3.657989880149831396e+00
7.575757575757575968e-02 3.658439506026184507e+00
7.676767676767676241e-02 3.658889382998336437e+00
7.777777777777776513e-02 3.659339494306831586e+00
7.878787878787878174e-02 3.659789823192317382e+00
7.979797979797979834e-02 3.660240352897238481e+00
8.080808080808080107e-02 3.660691066667530080e+00
8.181818181818180380e-02 3.661141947754319670e+00
8.282828282828282040e-02 3.661592991582996337e+00
8.383838383838383701e-02 3.662044166465610928e+00
8.484848484848483974e-02 3.662495455681837875e+00
8.585858585858585634e-02 3.662946842523842506e+00
8.686868686868685907e-02 3.663398310297991678e+00
8.787878787878787568e-02 3.663849842326563078e+00
8.888888888888889228e-02 3.664301421949457183e+00
8.989898989898989501e-02 3.664753032525913223e+00
9.090909090909091161e-02 3.665204657436219815e+00
9.191919191919192822e-02 3.665656278371111743e+00
9.292929292929293095e-02 3.666107877712742713e+00
9.393939393939393367e-02 3.666559438921298320e+00
9.494949494949495028e-02 3.667010945485372098e+00
9.595959595959595301e-02 3.667462380923687704e+00
9.696969696969695574e-02 3.667913728786813987e+00
9.797979797979797234e-02 3.668364972658885392e+00
9.898989898989898895e-02 3.668816096159318363e+00
9.999999999999999167e-02 3.669267082944531744e+00
1.010101010101009944e-01 3.669717901320161069e+00
1.020202020202020110e-01 3.670168547707565843e+00
1.030303030303030276e-01 3.670619005894592668e+00
1.040404040404040303e-01 3.671069259713443778e+00
1.050505050505050469e-01 3.671519293042391219e+00
1.060606060606060497e-01 3.671969089807487041e+00
1.070707070707070663e-01 3.672418633984277481e+00
1.080808080808080690e-01 3.672867909599508707e+00
1.090909090909090856e-01 3.673316900732835677e+00
1.101010101010100883e-01 3.673765562776976079e+00
1.111111111111111049e-01 3.674213906038831468e+00
1.121212121212121215e-01 3.674661914780783523e+00
1.131313131313131243e-01 3.675109573325413770e+00
1.141414141414141409e-01 3.675556866057197780e+00
1.151515151515151297e-01 3.676003777424195373e+00
1.161616161616161463e-01 3.676450291939742598e+00
1.171717171717171629e-01 3.676896394184134831e+00
1.181818181818181795e-01 3.677342068806308539e+00
1.191919191919191962e-01 3.677787258879002152e+00
1.202020202020202128e-01 3.678231988317474332e+00
1.212121212121212016e-01 3.678676242004028651e+00
1.222222222222222182e-01 3.679120004896775598e+00
1.232323232323232071e-01 3.679563262031297466e+00
1.242424242424242237e-01 3.680005998522302590e+00
1.252525252525252542e-01 3.680448199565277356e+00
1.262626262626262708e-01 3.680889850438136435e+00
1.272727272727272874e-01 3.681330936502862361e+00
1.282828282828283040e-01 3.681771389223017277e+00
1.292929292929292928e-01 3.682211245721759507e+00
1.303030303030303094e-01 3.682650491643990165e+00
1.313131313131312983e-01 3.683089112725661085e+00
1.323232323232323149e-01 3.683527094795388201e+00
1.333333333333333315e-01 3.683964423776058261e+00
1.343434343434343481e-01 3.684401085686433763e+00
1.353535353535353647e-01 3.684837066642745018e+00
1.363636363636363813e-01 3.685272352860280876e+00
1.373737373737373701e-01 3.685706865018182121e+00
1.383838383838383868e-01 3.686140652925043781e+00
1.393939393939393756e-01 3.686573703127110857e+00
1.404040404040403922e-01 3.687006002276421945e+00
1.414141414141414088e-01 3.687437537132360443e+00
1.424242424242424254e-01 3.687868294563199978e+00
1.434343434343434420e-01 3.688298261547640955e+00
1.444444444444444309e-01 3.688727425176340891e+00
1.454545454545454475e-01 3.689155772653436305e+00
1.464646464646464363e-01 3.689583214807432565e+00
1.474747474747474529e-01 3.690009813490182200e+00
1.484848484848484695e-01 3.690435556282879670e+00
1.494949494949494861e-01 3.690860430886624854e+00
1.505050505050505028e-01 3.691284425123901869e+00
1.515151515151515194e-01 3.691707526940045447e+00
1.525252525252525082e-01 3.692129724404699775e+00
1.535353535353535248e-01 3.692551005713270662e+00
1.545454545454545137e-01 3.692971359188363500e+00
1.555555555555555303e-01 3.693390686844765458e+00
1.565656565656565469e-01 3.693809061819009365e+00
1.575757575757575635e-01 3.694226472854510224e+00
1.585858585858585801e-01 3.694642908827947547e+00
1.595959595959595967e-01 3.695058358750653138e+00
1.606060606060606133e-01 3.695472811769986432e+00
1.616161616161615744e-01 3.695886257170704958e+00
1.626262626262625910e-01 3.696298684376318366e+00
1.636363636363636076e-01 3.696710082950437126e+00
1.646464646464646242e-01 3.697120347227318415e+00
1.656565656565656408e-01 3.697529560757530032e+00
1.666666666666666574e-01 3.697937713566494367e+00
1.676767676767676740e-01 3.698344795825372788e+00
1.686868686868686906e-01 3.698750797852357497e+00
1.696969696969696795e-01 3.699155710113939843e+00
1.707070707070706961e-01 3.699559523226178648e+00
1.717171717171717127e-01 3.699962227955946759e+00
1.727272727272727015e-01 3.700363815222172725e+00
1.737373737373737181e-01 3.700764172900280702e+00
1.747474747474747347e-01 3.701163393977492611e+00
1.757575757575757514e-01 3.701561469872414634e+00
1.767676767676767402e-01 3.701958392160874300e+00
1.777777777777777568e-01 3.702354152577092439e+00
1.787878787878787734e-01 3.702748743014844468e+00
1.797979797979797900e-01 3.703142155528603041e+00
1.808080808080808066e-01 3.703534382334674913e+00
1.818181818181818232e-01 3.703925415812315602e+00
1.828282828282828398e-01 3.704315138679689756e+00
1.838383838383838564e-01 3.704703652282860027e+00
1.848484848484848175e-01 3.705090949535124079e+00
1.858585858585858341e-01 3.705477023517373958e+00
1.868686868686868507e-01 3.705861867479141480e+00
1.878787878787878673e-01 3.706245474839628518e+00
1.888888888888888840e-01 3.706627839188729290e+00
1.898989898989899006e-01 3.707008954288027791e+00
1.909090909090909172e-01 3.707388814071792105e+00
1.919191919191919338e-01 3.707767297472939205e+00
1.929292929292928949e-01 3.708144513025364297e+00
1.939393939393939115e-01 3.708520455227895862e+00
1.949494949494949281e-01 3.708895118756112552e+00
1.959595959595959447e-01 3.709268498463255792e+00
1.969696969696969613e-01 3.709640589381121512e+00
1.979797979797979779e-01 3.710011386720939441e+00
1.989898989898989945e-01 3.710380885874239532e+00
2.000000000000000111e-01 3.710749082413696165e+00
2.010101010101009722e-01 3.711115852919258273e+00
2.020202020202019888e-01 3.711481311856585918e+00
2.030303030303030054e-01 3.711845455389271464e+00
2.040404040404040220e-01 3.712208279865509830e+00
2.050505050505050386e-01 3.712569781818856551e+00
2.060606060606060552e-01 3.712929957968979178e+00
2.070707070707070718e-01 3.713288805222385580e+00
2.080808080808080329e-01 3.713646320673138934e+00
2.090909090909090495e-01 3.714002501603555828e+00
2.101010101010100661e-01 3.714357223722319912e+00
2.111111111111110827e-01 3.714710606094697276e+00
2.121212121212120993e-01 3.715062646615832076e+00
2.131313131313131159e-01 3.715413343371920529e+00
2.141414141414141326e-01 3.715762694640820207e+00
2.151515151515151492e-01 3.716110698892641118e+00
2.161616161616161103e-01 3.716457354790317247e+00
2.171717171717171269e-01 3.716802661190167001e+00
2.181818181818181435e-01 3.717146617142428333e+00
2.191919191919191601e-01 3.717489099004211983e+00
2.202020202020201767e-01 3.717830229041896306e+00
2.212121212121211933e-01 3.718170006935753946e+00
2.222222222222222099e-01 3.718508432562090071e+00
2.232323232323232265e-01 3.718845505993688239e+00
2.242424242424242153e-01 3.719181227500238052e+00
2.252525252525252319e-01 3.719515597548743280e+00
2.262626262626262486e-01 3.719848616803915764e+00
2.272727272727272652e-01 3.720180286128548452e+00
2.282828282828282818e-01 3.720510484073933810e+00
2.292929292929292984e-01 3.720839334653194275e+00
2.303030303030303150e-01 3.721166839371441437e+00
2.313131313131313316e-01 3.721492999933261103e+00
2.323232323232322927e-01 3.721817818242989961e+00
2.333333333333333093e-01 3.722141296404975375e+00
2.343434343434343259e-01 3.722463436723812524e+00
2.353535353535353425e-01 3.722784241704567787e+00
2.363636363636363591e-01 3.723103714052979907e+00
2.373737373737373757e-01 3.723421736073995625e+00
2.383838383838383923e-01 3.723738432028342427e+00
2.393939393939393534e-01 3.724053805271258177e+00
2.404040404040403700e-01 3.724367859359306809e+00
2.414141414141413866e-01 3.724680598050479574e+00
2.424242424242424032e-01 3.724992025304282528e+00
2.434343434343434198e-01 3.725302145281797372e+00
2.444444444444444364e-01 3.725610962345729860e+00
2.454545454545454530e-01 3.725918481060434662e+00
2.464646464646464696e-01 3.726224589045055602e+00
2.474747474747474307e-01 3.726529409275665117e+00
2.484848484848484473e-01 3.726832946968053228e+00
2.494949494949494639e-01 3.727135207539555406e+00
2.505050505050505083e-01 3.727436196608978847e+00
2.515151515151515249e-01 3.727735919996506997e+00
2.525252525252525415e-01 3.728034383723588086e+00
2.535353535353535581e-01 3.728331594012800565e+00
2.545454545454545747e-01 3.728627557287700789e+00
2.555555555555555358e-01 3.728922168030385009e+00
2.565656565656565524e-01 3.729215546379002877e+00
2.575757575757575690e-01 3.729507699405138155e+00
2.585858585858585856e-01 3.729798634380482536e+00
2.595959595959596022e-01 3.730088358776580737e+00
2.606060606060606188e-01 3.730376880264554273e+00
2.616161616161616355e-01 3.730664206714810582e+00
2.626262626262626521e-01 3.730950346196729051e+00
2.636363636363636131e-01 3.731235306978327948e+00
2.646464646464646298e-01 3.731518991928661766e+00
2.656565656565656464e-01 3.731801516786167117e+00
2.666666666666666630e-01 3.732082890458084723e+00
2.676767676767676796e-01 3.732363122048651505e+00
2.686868686868686962e-01 3.732642220858663151e+00
2.696969696969697128e-01 3.732920196385022038e+00
2.707070707070707294e-01 3.733197058320262496e+00
2.717171717171716905e-01 3.733472816552057871e+00
2.727272727272727071e-01 3.733747481162706716e+00
2.737373737373737237e-01 3.734020964894529726e+00
2.747474747474747403e-01 3.734293377528691060e+00
2.757575757575757569e-01 3.734564729772500424e+00
2.767676767676767180e-01 3.734835032525477327e+00
2.777777777777777346e-01 3.735104296878739127e+00
2.787878787878787512e-01 3.735372534114364207e+00
2.797979797979797678e-01 3.735639755704742271e+00
2.808080808080807844e-01 3.735905973311900663e+00
2.818181818181818010e-01 3.736171198786812031e+00
2.828282828282828176e-01 3.736435356180841438e+00
2.838383838383838342e-01 3.736698547777468349e+00
2.848484848484847953e-01 3.736960786033093118e+00
2.858585858585858119e-01 3.737222083589885724e+00
2.868686868686868285e-01 3.737482453274994842e+00
2.878787878787878451e-01 3.737741908099734722e+00
2.888888888888888618e-01 3.738000461258758733e+00
2.898989898989898784e-01 3.738258126129210268e+00
2.909090909090908950e-01 3.738514916269855437e+00
2.919191919191919116e-01 3.738770768413749668e+00
2.929292929292928727e-01 3.739025775836392729e+00
2.939393939393938893e-01 3.739279952677110774e+00
2.949494949494949059e-01 3.739533313252926483e+00
2.959595959595959225e-01 3.739785872057598937e+00
2.969696969696969391e-01 3.740037643760637742e+00
2.979797979797979557e-01 3.740288643206303831e+00
2.989898989898989723e-01 3.740538885412588499e+00
2.999999999999999889e-01 3.740788385570177343e+00
3.010101010101009500e-01 3.741037094391078455e+00
3.020202020202019666e-01 3.741285094675559808e+00
3.030303030303029832e-01 3.741532402164839954e+00
3.040404040404039998e-01 3.741779032768182578e+00
3.050505050505050164e-01 3.742025002561764069e+00
3.060606060606060330e-01 3.742270327787522444e+00
3.070707070707070496e-01 3.742515024851994276e+00
3.080808080808080107e-01 3.742759110325124094e+00
3.090909090909090273e-01 3.743002600939067559e+00
3.101010101010100439e-01 3.743245462594868123e+00
3.111111111111110605e-01 3.743487766206096357e+00
3.121212121212120771e-01 3.743729529020439983e+00
3.131313131313130937e-01 3.743970768442448804e+00
3.141414141414141104e-01 3.744211502032245065e+00
3.151515151515151270e-01 3.744451747504213834e+00
3.161616161616160880e-01 3.744691522725676514e+00
3.171717171717171047e-01 3.744930845715550127e+00
3.181818181818181213e-01 3.745169734642987525e+00
3.191919191919191379e-01 3.745408171709736056e+00
3.202020202020201545e-01 3.745646214599474444e+00
3.212121212121211711e-01 3.745883881957130068e+00
3.222222222222221877e-01 3.746121192571860714e+00
3.232323232323232043e-01 3.746358165375610394e+00
3.242424242424241654e-01 3.746594819441649626e+00
3.252525252525251820e-01 3.746831173983100172e+00
3.262626262626261986e-01 3.747067248351444224e+00
3.272727272727272152e-01 3.747303062035018506e+00
3.282828282828282318e-01 3.747538614538982404e+00
3.292929292929292484e-01 3.747773949054268083e+00
3.303030303030302650e-01 3.748009085500747517e+00
3.313131313131312816e-01 3.748244043928520952e+00
3.323232323232322427e-01 3.748478844516333286e+00
3.333333333333332593e-01 3.748713507569972680e+00
3.343434343434342759e-01 3.748948053520655854e+00
3.353535353535352925e-01 3.749182502923402271e+00
3.363636363636363091e-01 3.749416876455388792e+00
3.373737373737373257e-01 3.749651191809150408e+00
3.383838383838383423e-01 3.749885476511951143e+00
3.393939393939393590e-01 3.750119751624090281e+00
3.404040404040403756e-01 3.750354038320829808e+00
3.414141414141413922e-01 3.750588357890676239e+00
3.424242424242424088e-01 3.750822731733654880e+00
3.434343434343434254e-01 3.751057181359566339e+00
3.444444444444443865e-01 3.751291728386231927e+00
3.454545454545454031e-01 3.751526394537728848e+00
3.464646464646464197e-01 3.751761216450299141e+00
3.474747474747474363e-01 3.751996204919503253e+00
3.484848484848484529e-01 3.752231382000313697e+00
3.494949494949494695e-01 3.752466769846241057e+00
3.505050505050504861e-01 3.752702390707503000e+00
3.515151515151515027e-01 3.752938266929181754e+00
3.525252525252525193e-01 3.753174420949364709e+00
3.535353535353535359e-01 3.753410875297281013e+00
3.545454545454545525e-01 3.753647652591420414e+00
3.555555555555555136e-01 3.753884809032502989e+00
3.565656565656565302e-01 3.754122337729490777e+00
3.575757575757575468e-01 3.754360261576120017e+00
3.585858585858585634e-01 3.754598603547217195e+00
3.595959595959595800e-01 3.754837386696760149e+00
3.606060606060605966e-01 3.755076634155934290e+00
3.616161616161616132e-01 3.755316369131177279e+00
3.626262626262626299e-01 3.755556614902213930e+00
3.636363636363635909e-01 3.755797394820082680e+00
3.646464646464646076e-01 3.756038785128320345e+00
3.656565656565656242e-01 3.756280760416960796e+00
3.666666666666666408e-01 3.756523344253649643e+00
3.676767676767676574e-01 3.756766560268775201e+00
3.686868686868686740e-01 3.757010432153448320e+00
3.696969696969696906e-01 3.757254983657468461e+00
3.707070707070706517e-01 3.757500238587287100e+00
3.717171717171716683e-01 3.757746220803956483e+00
3.727272727272726849e-01 3.757992954221077042e+00
3.737373737373737015e-01 3.758240535455190656e+00
3.747474747474747181e-01 3.758488919876144418e+00
3.757575757575757347e-01 3.758738131552982864e+00
3.767676767676767513e-01 3.758988194598404942e+00
3.777777777777777679e-01 3.759239133166667468e+00
3.787878787878787290e-01 3.759490971451487251e+00
3.797979797979797456e-01 3.759743733683929889e+00
3.808080808080807622e-01 3.759997444130299460e+00
3.818181818181817788e-01 3.760252127090019769e+00
3.828282828282827954e-01 3.760507899730145098e+00
3.838383838383838120e-01 3.760764697637648091e+00
3.848484848484848286e-01 3.761022545204204093e+00
3.858585858585858452e-01 3.761281466845461718e+00
3.868686868686868063e-01 3.761541486998891237e+00
3.878787878787878229e-01 3.761802630121633850e+00
3.888888888888888395e-01 3.762064920688342973e+00
3.898989898989898562e-01 3.762328383189022407e+00
3.909090909090908728e-01 3.762593042126862741e+00
3.919191919191918894e-01 3.762859035241015171e+00
3.929292929292929060e-01 3.763126277917866691e+00
3.939393939393939226e-01 3.763394794688164957e+00
3.949494949494948837e-01 3.763664610086519868e+00
3.959595959595959003e-01 3.763935748649217317e+00
3.969696969696969169e-01 3.764208234912035600e+00
3.979797979797979335e-01 3.764482093408052954e+00
3.989898989898989501e-01 3.764757348665458192e+00
3.999999999999999667e-01 3.765034025205354684e+00
4.010101010101009833e-01 3.765312281202717770e+00
4.020202020202019444e-01 3.765592011575853437e+00
4.030303030303029610e-01 3.765873240807770195e+00
4.040404040404039776e-01 3.766155993364967536e+00
4.050505050505049942e-01 3.766440293695240804e+00
4.060606060606060108e-01 3.766726166225476291e+00
4.070707070707070274e-01 3.767013635359448109e+00
4.080808080808080440e-01 3.767302725475616842e+00
4.090909090909090606e-01 3.767593460924926418e+00
4.101010101010100217e-01 3.767886020023479610e+00
4.111111111111110383e-01 3.768180277108227560e+00
4.121212121212120549e-01 3.768476256425965065e+00
4.131313131313130715e-01 3.768773982186534255e+00
4.141414141414140881e-01 3.769073478560622803e+00
4.151515151515151048e-01 3.769374769677567460e+00
4.161616161616161214e-01 3.769677879623158034e+00
4.171717171717171380e-01 3.769982832437440923e+00
4.181818181818180991e-01 3.770289652112527978e+00
4.191919191919191157e-01 3.770598536653356980e+00
4.202020202020201323e-01 3.770909339859178200e+00
4.212121212121211489e-01 3.771222085552084824e+00
4.222222222222221655e-01 3.771536797496866100e+00
4.232323232323231821e-01 3.771853499398830412e+00
4.242424242424241987e-01 3.772172214901628351e+00
4.252525252525252153e-01 3.772492967585083345e+00
4.262626262626261764e-01 3.772815780963024057e+00
4.272727272727271930e-01 3.773140678481123000e+00
4.282828282828282096e-01 3.773467877225498146e+00
4.292929292929292262e-01 3.773797210659649348e+00
4.303030303030302428e-01 3.774128701994128754e+00
4.313131313131312594e-01 3.774462374362113959e+00
4.323232323232322760e-01 3.774798250817271050e+00
4.333333333333332371e-01 3.775136354331623423e+00
4.343434343434342537e-01 3.775476707793426367e+00
4.353535353535352703e-01 3.775819334005046546e+00
4.363636363636362869e-01 3.776164255680849902e+00
4.373737373737373035e-01 3.776511708228774022e+00
4.383838383838383201e-01 3.776861505136811292e+00
4.393939393939393367e-01 3.777213668820464942e+00
4.404040404040403534e-01 3.777568221598256226e+00
4.414141414141413700e-01 3.777925185689647414e+00
4.424242424242423866e-01 3.778284583212975445e+00
4.434343434343434032e-01 3.778646436183388690e+00
4.444444444444444198e-01 3.779010766510794372e+00
4.454545454545454364e-01 3.779377595997816197e+00
4.464646464646464530e-01 3.779747177468200547e+00
4.474747474747474696e-01 3.780119304951559123e+00
4.484848484848484862e-01 3.780493999889858348e+00
4.494949494949494473e-01 3.780871283609118283e+00
4.505050505050504639e-01 3.781251177317419554e+00
4.515151515151514805e-01 3.781633702102914274e+00
4.525252525252524971e-01 3.782018878931852068e+00
4.535353535353535137e-01 3.782406728646610539e+00
4.545454545454545303e-01 3.782797271963742602e+00
4.555555555555556024e-01 3.783190778076597205e+00
4.565656565656565635e-01 3.783587022227592023e+00
4.575757575757575246e-01 3.783986024713357210e+00
4.585858585858585967e-01 3.784387805696440399e+00
4.595959595959595578e-01 3.784792385203407772e+00
4.606060606060606299e-01 3.785199783122960238e+00
4.616161616161615910e-01 3.785610019204059817e+00
4.626262626262626632e-01 3.786023113054069800e+00
4.636363636363636243e-01 3.786439084136906885e+00
4.646464646464646964e-01 3.786858216836928026e+00
4.656565656565656575e-01 3.787280268430368135e+00
4.666666666666666186e-01 3.787705257905057188e+00
4.676767676767676907e-01 3.788133204097601681e+00
4.686868686868686518e-01 3.788564125691607831e+00
4.696969696969697239e-01 3.788998041215913659e+00
4.707070707070706850e-01 3.789434969042841050e+00
4.717171717171717571e-01 3.789874927386457593e+00
4.727272727272727182e-01 3.790317934300852620e+00
4.737373737373736793e-01 3.790764288059540021e+00
4.747474747474747514e-01 3.791213728937763872e+00
4.757575757575757125e-01 3.791666274461018116e+00
4.767676767676767846e-01 3.792121941987605549e+00
4.777777777777777457e-01 3.792580748706993798e+00
4.787878787878788178e-01 3.793042711638188624e+00
4.797979797979797789e-01 3.793507847628124097e+00
4.808080808080807400e-01 3.793976173350062098e+00
4.818181818181818121e-01 3.794447705302018914e+00
4.828282828282827732e-01 3.794922754231930817e+00
4.838383838383838453e-01 3.795401044516403921e+00
4.848484848484848064e-01 3.795882592076532891e+00
4.858585858585858785e-01 3.796367412651585838e+00
4.868686868686868396e-01 3.796855521797512178e+00
4.878787878787879118e-01 3.797346934885470482e+00
4.888888888888888729e-01 3.797841667100372742e+00
4.898989898989898339e-01 3.798339733439447308e+00
4.909090909090909061e-01 3.798841148710819127e+00
4.919191919191918672e-01 3.799346234620804896e+00
4.929292929292929393e-01 3.799854700878520841e+00
4.939393939393939004e-01 3.800366561671538967e+00
4.949494949494949725e-01 3.800881830992452137e+00
4.959595959595959336e-01 3.801400522637553792e+00
4.969696969696968947e-01 3.801922650205534993e+00
4.979797979797979668e-01 3.802448227096201894e+00
4.989898989898989279e-01 3.802977266509210974e+00
5.000000000000000000e-01 3.803509781442826032e+00
5.010101010101010166e-01 3.804046102957062914e+00
5.020202020202020332e-01 3.804585927443842941e+00
5.030303030303030498e-01 3.805129267242402857e+00
5.040404040404040664e-01 3.805676134485480144e+00
5.050505050505050830e-01 3.806226541098173932e+00
5.060606060606060996e-01 3.806780498796830337e+00
5.070707070707071162e-01 3.807338019087943337e+00
5.080808080808080218e-01 3.807899113267080971e+00
5.090909090909091494e-01 3.808463792417830174e+00
5.101010101010100550e-01 3.809032395274281502e+00
5.111111111111111827e-01 3.809604606369711544e+00
5.121212121212120882e-01 3.810180436095801593e+00
5.131313131313132159e-01 3.810759894627972155e+00
5.141414141414141215e-01 3.811342991924444590e+00
5.151515151515152491e-01 3.811929737725320066e+00
5.161616161616161547e-01 3.812520141551684727e+00
5.171717171717171713e-01 3.813114212704733053e+00
5.181818181818181879e-01 3.813711960264916545e+00
5.191919191919192045e-01 3.814313728900431411e+00
5.202020202020202211e-01 3.814919192840677376e+00
5.212121212121212377e-01 3.815528360447306699e+00
5.222222222222222543e-01 3.816141239857833600e+00
5.232323232323232709e-01 3.816757838984897955e+00
5.242424242424241765e-01 3.817378165515559640e+00
5.252525252525253041e-01 3.818002226910612418e+00
5.262626262626262097e-01 3.818630030403918241e+00
5.272727272727273373e-01 3.819261583001772209e+00
5.282828282828282429e-01 3.819897233521556412e+00
5.292929292929293705e-01 3.820536647526663554e+00
5.303030303030302761e-01 3.821179831284031270e+00
5.313131313131312927e-01 3.821826790830557208e+00
5.323232323232323093e-01 3.822477531972588327e+00
5.333333333333333259e-01 3.823132060285431510e+00
5.343434343434343425e-01 3.823790381112888159e+00
5.353535353535353591e-01 3.824452499566814101e+00
5.363636363636363757e-01 3.825118420526703034e+00
5.373737373737373924e-01 3.825788495145323598e+00
5.383838383838384090e-01 3.826462382026958320e+00
5.393939393939394256e-01 3.827140085297811023e+00
5.404040404040403311e-01 3.827821608850220159e+00
5.414141414141414588e-01 3.828506956342371481e+00
5.424242424242423644e-01 3.829196131198038255e+00
5.434343434343434920e-01 3.829889136606347666e+00
5.444444444444443976e-01 3.830585975521564546e+00
5.454545454545455252e-01 3.831286650662912852e+00
5.464646464646464308e-01 3.831991513692483586e+00
5.474747474747474474e-01 3.832700218016416027e+00
5.484848484848484640e-01 3.833412765593581462e+00
5.494949494949494806e-01 3.834129158147296934e+00
5.505050505050504972e-01 3.834849397165276397e+00
5.515151515151515138e-01 3.835573483899602731e+00
5.525252525252525304e-01 3.836301419366728194e+00
5.535353535353535470e-01 3.837033204347500170e+00
5.545454545454545636e-01 3.837768839387210029e+00
5.555555555555555802e-01 3.838508674835960921e+00
5.565656565656564858e-01 3.839252360701095768e+00
5.575757575757576134e-01 3.839999896767547494e+00
5.585858585858585190e-01 3.840751282585205040e+00
5.595959595959596466e-01 3.841506517469097215e+00
5.606060606060605522e-01 3.842265600499608524e+00
5.616161616161616799e-01 3.843028530522718089e+00
5.626262626262625854e-01 3.843795306150263880e+00
5.636363636363636020e-01 3.844565925760233593e+00
5.646464646464646187e-01 3.845340736591456476e+00
5.656565656565656353e-01 3.846119387073892781e+00
5.666666666666666519e-01 3.846901874832342472e+00
5.676767676767676685e-01 3.847688197259298448e+00
5.686868686868686851e-01 3.848478351515372875e+00
5.696969696969697017e-01 3.849272334529751038e+00
5.707070707070706073e-01 3.850070143000674516e+00
5.717171717171717349e-01 3.850871773395944775e+00
5.727272727272726405e-01 3.851677221953457408e+00
5.737373737373737681e-01 3.852486831040903059e+00
5.747474747474746737e-01 3.853300249337527017e+00
5.757575757575758013e-01 3.854117472342454498e+00
5.767676767676767069e-01 3.854938495327481007e+00
5.777777777777778345e-01 3.855763313337745135e+00
5.787878787878787401e-01 3.856591921192422223e+00
5.797979797979797567e-01 3.857424313485447787e+00
5.808080808080807733e-01 3.858260484586264027e+00
5.818181818181817899e-01 3.859100428640595215e+00
5.828282828282828065e-01 3.859944481441885955e+00
5.838383838383838231e-01 3.860792293733451341e+00
5.848484848484848397e-01 3.861643858943905272e+00
5.858585858585858563e-01 3.862499170281749272e+00
5.868686868686867619e-01 3.863358220736289095e+00
5.878787878787878896e-01 3.864221003078564642e+00
5.888888888888887951e-01 3.865087509862314974e+00
5.898989898989899228e-01 3.865957733424965070e+00
5.909090909090908283e-01 3.866831665888634806e+00
5.919191919191919560e-01 3.867709634843320643e+00
5.929292929292928616e-01 3.868591294881960962e+00
5.939393939393939892e-01 3.869476637438402644e+00
5.949494949494948948e-01 3.870365653735817535e+00
5.959595959595959114e-01 3.871258334787847311e+00
5.969696969696969280e-01 3.872154671399776760e+00
5.979797979797979446e-01 3.873054654169728384e+00
5.989898989898989612e-01 3.873958273489885862e+00
5.999999999999999778e-01 3.874865519547738835e+00
6.010101010101009944e-01 3.875776710191325858e+00
6.020202020202020110e-01 3.876691505602134047e+00
6.030303030303030276e-01 3.877609895315263788e+00
6.040404040404040442e-01 3.878531868666744042e+00
6.050505050505050608e-01 3.879457414794905468e+00
6.060606060606060774e-01 3.880386522641785074e+00
6.070707070707070940e-01 3.881319180954549086e+00
6.080808080808081106e-01 3.882255378286943781e+00
6.090909090909091272e-01 3.883195103000765869e+00
6.101010101010100328e-01 3.884138661770560219e+00
6.111111111111111605e-01 3.885085722041380585e+00
6.121212121212120660e-01 3.886036271565373568e+00
6.131313131313131937e-01 3.886990297909319825e+00
6.141414141414140992e-01 3.887947788456234122e+00
6.151515151515152269e-01 3.888908730406986702e+00
6.161616161616161325e-01 3.889873110781946863e+00
6.171717171717172601e-01 3.890840916422652729e+00
6.181818181818181657e-01 3.891812133993500566e+00
6.191919191919191823e-01 3.892787057686583729e+00
6.202020202020201989e-01 3.893765363804609692e+00
6.212121212121212155e-01 3.894747038451654042e+00
6.222222222222222321e-01 3.895732067562153844e+00
6.232323232323232487e-01 3.896720436902718188e+00
6.242424242424242653e-01 3.897712132073960056e+00
6.252525252525252819e-01 3.898707138512350845e+00
6.262626262626261875e-01 3.899705441492094415e+00
6.272727272727273151e-01 3.900707026127025578e+00
6.282828282828282207e-01 3.901712172955204672e+00
6.292929292929293483e-01 3.902720568633547771e+00
6.303030303030302539e-01 3.903732197771168533e+00
6.313131313131313815e-01 3.904747044825183977e+00
6.323232323232322871e-01 3.905765094102722657e+00
6.333333333333333037e-01 3.906786329762957255e+00
6.343434343434343203e-01 3.907810735819151393e+00
6.353535353535353369e-01 3.908838296140731305e+00
6.363636363636363535e-01 3.909868994455376612e+00
6.373737373737373701e-01 3.910903096626734410e+00
6.383838383838383868e-01 3.911940301048932866e+00
6.393939393939394034e-01 3.912980591006414155e+00
6.404040404040404200e-01 3.914023949651055823e+00
6.414141414141414366e-01 3.915070360004366368e+00
6.424242424242423422e-01 3.916119804959695916e+00
6.434343434343434698e-01 3.917172267284470433e+00
6.444444444444443754e-01 3.918227729622439259e+00
6.454545454545455030e-01 3.919286174495943520e+00
6.464646464646464086e-01 3.920347852237765718e+00
6.474747474747475362e-01 3.921412474233401557e+00
6.484848484848484418e-01 3.922480022628879848e+00
6.494949494949494584e-01 3.923550479458746132e+00
6.505050505050504750e-01 3.924623826648427904e+00
6.515151515151514916e-01 3.925700046016612710e+00
6.525252525252525082e-01 3.926779119277644448e+00
6.535353535353535248e-01 3.927861028043935665e+00
6.545454545454545414e-01 3.928945753828399834e+00
6.555555555555555580e-01 3.930033530751917858e+00
6.565656565656565746e-01 3.931124084302249688e+00
6.575757575757575912e-01 3.932217395687855888e+00
6.585858585858584968e-01 3.933313446028289029e+00
6.595959595959596244e-01 3.934412216356706793e+00
6.606060606060605300e-01 3.935513687622398837e+00
6.616161616161616577e-01 3.936617840693330539e+00
6.626262626262625632e-01 3.937724656358696507e+00
6.636363636363636909e-01 3.938834115331497632e+00
6.646464646464645964e-01 3.939946435025232230e+00
6.656565656565656131e-01 3.941061355984164294e+00
6.666666666666666297e-01 3.942178858693094146e+00
6.676767676767676463e-01 3.943298923571801673e+00
6.686868686868686629e-01 3.944421530977694434e+00
6.696969696969696795e-01 3.945546661208457984e+00
6.707070707070706961e-01 3.946674294504730174e+00
6.717171717171717127e-01 3.947804411052779461e+00
6.727272727272726183e-01 3.948936990987199636e+00
6.737373737373737459e-01 3.950072234712827424e+00
6.747474747474746515e-01 3.951209898615790195e+00
6.757575757575757791e-01 3.952349962682518036e+00
6.767676767676766847e-01 3.953492406859439257e+00
6.777777777777778123e-01 3.954637211055732404e+00
6.787878787878787179e-01 3.955784355146092057e+00
6.797979797979798455e-01 3.956933818973501715e+00
6.808080808080807511e-01 3.958085582352014686e+00
6.818181818181817677e-01 3.959239625069552293e+00
6.828282828282827843e-01 3.960396130422309202e+00
6.838383838383838009e-01 3.961554871243808229e+00
6.848484848484848175e-01 3.962715827256984458e+00
6.858585858585858341e-01 3.963878978170714884e+00
6.868686868686868507e-01 3.965044303682656146e+00
6.878787878787878673e-01 3.966211783482092468e+00
6.888888888888887729e-01 3.967381397252792929e+00
6.898989898989899006e-01 3.968553124675873622e+00
6.909090909090908061e-01 3.969726945432667797e+00
6.919191919191919338e-01 3.970903025817471121e+00
6.929292929292928394e-01 3.972081155527367624e+00
6.939393939393939670e-01 3.973261314264345145e+00
6.949494949494948726e-01 3.974443481742986783e+00
6.959595959595958892e-01 3.975627637693370797e+00
6.969696969696969058e-01 3.976813761863981611e+00
6.979797979797979224e-01 3.978001834024623040e+00
6.989898989898989390e-01 3.979191833969337733e+00
6.999999999999999556e-01 3.980383741519329277e+00
7.010101010101009722e-01 3.981577706284152196e+00
7.020202020202019888e-01 3.982773535043235835e+00
7.030303030303030054e-01 3.983971207725825359e+00
7.040404040404040220e-01 3.985170704300897704e+00
7.050505050505050386e-01 3.986372004780109002e+00
7.060606060606060552e-01 3.987575089220735780e+00
7.070707070707070718e-01 3.988779937728624603e+00
7.080808080808080884e-01 3.989986530461139935e+00
7.090909090909091050e-01 3.991194847630117337e+00
7.101010101010101216e-01 3.992405022689847094e+00
7.111111111111111382e-01 3.993616879517093654e+00
7.121212121212120438e-01 3.994830398520121229e+00
7.131313131313131715e-01 3.996045560174327882e+00
7.141414141414140770e-01 3.997262345025198726e+00
7.151515151515152047e-01 3.998480733691264000e+00
7.161616161616161103e-01 3.999700706867054034e+00
7.171717171717172379e-01 4.000922245326053783e+00
7.181818181818181435e-01 4.002145329923657791e+00
7.191919191919192711e-01 4.003370078700751122e+00
7.202020202020201767e-01 4.004596332437912132e+00
7.212121212121211933e-01 4.005824072275596670e+00
7.222222222222222099e-01 4.007053279448814287e+00
7.232323232323232265e-01 4.008283935290065436e+00
7.242424242424242431e-01 4.009516021232291116e+00
7.252525252525252597e-01 4.010749518811802083e+00
7.262626262626262763e-01 4.011984409671221385e+00
7.272727272727272929e-01 4.013220675562408246e+00
7.282828282828281985e-01 4.014458420065292188e+00
7.292929292929293261e-01 4.015697500459273428e+00
7.303030303030302317e-01 4.016937898869380241e+00
7.313131313131313593e-01 4.018179597542387071e+00
7.323232323232322649e-01 4.019422578849725980e+00
7.333333333333333925e-01 4.020666825290387436e+00
7.343434343434342981e-01 4.021912319493809562e+00
7.353535353535353147e-01 4.023159044222770042e+00
7.363636363636363313e-01 4.024406982376266484e+00
7.373737373737373479e-01 4.025656224232635694e+00
7.383838383838383645e-01 4.026906642952504001e+00
7.393939393939393812e-01 4.028158221894825530e+00
7.404040404040403978e-01 4.029410944567048070e+00
7.414141414141414144e-01 4.030664794627947245e+00
7.424242424242424310e-01 4.031919755890461587e+00
7.434343434343434476e-01 4.033175812324517828e+00
7.444444444444443532e-01 4.034432948059847313e+00
7.454545454545454808e-01 4.035691147388794420e+00
7.464646464646463864e-01 4.036950488648859192e+00
7.474747474747475140e-01 4.038210860052386053e+00
7.484848484848484196e-01 4.039472246436380587e+00
7.494949494949495472e-01 4.040734632812378102e+00
7.505050505050504528e-01 4.041998004369188990e+00
7.515151515151514694e-01 4.043262346475640534e+00
7.525252525252524860e-01 4.044527644683311607e+00
7.535353535353535026e-01 4.045793884729242507e+00
7.545454545454545192e-01 4.047061052538648340e+00
7.555555555555555358e-01 4.048329216062986013e+00
7.565656565656565524e-01 4.049598277527474366e+00
7.575757575757575690e-01 4.050868223483845121e+00
7.585858585858584746e-01 4.052139040683452542e+00
7.595959595959596022e-01 4.053410716079914877e+00
7.606060606060605078e-01 4.054683236831733595e+00
7.616161616161616355e-01 4.055956590304901965e+00
7.626262626262625410e-01 4.057230764075506535e+00
7.636363636363636687e-01 4.058505745932295738e+00
7.646464646464645742e-01 4.059781595180345981e+00
7.656565656565657019e-01 4.061058226814021843e+00
7.666666666666666075e-01 4.062335629326838671e+00
7.676767676767676241e-01 4.063613791435864542e+00
7.686868686868686407e-01 4.064892702084219600e+00
7.696969696969696573e-01 4.066172350443555850e+00
7.707070707070706739e-01 4.067452725916522738e+00
7.717171717171716905e-01 4.068733818139212310e+00
7.727272727272727071e-01 4.070015616983596374e+00
7.737373737373737237e-01 4.071298175022015187e+00
7.747474747474746293e-01 4.072581418575664358e+00
7.757575757575757569e-01 4.073865338295185268e+00
7.767676767676766625e-01 4.075149925077309554e+00
7.777777777777777901e-01 4.076435170067195024e+00
7.787878787878786957e-01 4.077721064660738470e+00
7.797979797979798233e-01 4.079007600506877829e+00
7.808080808080807289e-01 4.080294769509864139e+00
7.818181818181818565e-01 4.081582563831524624e+00
7.828282828282827621e-01 4.082871031386586580e+00
7.838383838383837787e-01 4.084160108190278748e+00
7.848484848484847953e-01 4.085449787251977050e+00
7.858585858585858119e-01 4.086740061848079364e+00
7.868686868686868285e-01 4.088030925524154036e+00
7.878787878787878451e-01 4.089322372097072389e+00
7.888888888888888618e-01 4.090614395657110158e+00
7.898989898989898784e-01 4.091906990570038261e+00
7.909090909090908950e-01 4.093200151479185145e+00
7.919191919191919116e-01 4.094493923864176210e+00
7.929292929292929282e-01 4.095788251620886555e+00
7.939393939393939448e-01 4.097083130303381004e+00
7.949494949494949614e-01 4.098378555751875041e+00
7.959595959595959780e-01 4.099674524094677253e+00
7.969696969696969946e-01 4.100971031750106022e+00
7.979797979797979002e-01 4.102268075428390226e+00
7.989898989898990278e-01 4.103565652133544184e+00
7.999999999999999334e-01 4.104863759165212400e+00
8.010101010101010610e-01 4.106162441922317718e+00
8.020202020202019666e-01 4.107461650198973580e+00
8.030303030303030942e-01 4.108761382262457573e+00
8.040404040404039998e-01 4.110061636683328246e+00
8.050505050505051274e-01 4.111362412337148164e+00
8.060606060606060330e-01 4.112663708406174123e+00
8.070707070707070496e-01 4.113965524381028693e+00
8.080808080808080662e-01 4.115267860062340688e+00
8.090909090909090828e-01 4.116570715562365201e+00
8.101010101010100994e-01 4.117874138668795148e+00
8.111111111111111160e-01 4.119178082935758489e+00
8.121212121212121327e-01 4.120482549493175384e+00
8.131313131313131493e-01 4.121787539789224297e+00
8.141414141414140548e-01 4.123093055591820821e+00
8.151515151515151825e-01 4.124399098990065404e+00
8.161616161616160880e-01 4.125705672395667989e+00
8.171717171717172157e-01 4.127012778544345117e+00
8.181818181818181213e-01 4.128320420497185950e+00
8.191919191919192489e-01 4.129628650997252848e+00
8.202020202020201545e-01 4.130937425079316938e+00
8.212121212121211711e-01 4.132246746864817410e+00
8.222222222222221877e-01 4.133556620806115411e+00
8.232323232323232043e-01 4.134867051687718842e+00
8.242424242424242209e-01 4.136178044627474293e+00
8.252525252525252375e-01 4.137489605077727006e+00
8.262626262626262541e-01 4.138801738826459520e+00
8.272727272727272707e-01 4.140114451998399225e+00
8.282828282828282873e-01 4.141427804936744117e+00
8.292929292929293039e-01 4.142741751752474499e+00
8.303030303030302095e-01 4.144056299665560772e+00
8.313131313131313371e-01 4.145371456237123553e+00
8.323232323232322427e-01 4.146687229370391137e+00
8.333333333333333703e-01 4.148003627311616981e+00
8.343434343434342759e-01 4.149320658650972327e+00
8.353535353535354036e-01 4.150638332323412172e+00
8.363636363636363091e-01 4.151956657609501278e+00
8.373737373737373257e-01 4.153275705155750508e+00
8.383838383838383423e-01 4.154595425637152672e+00
8.393939393939393590e-01 4.155915829456268362e+00
8.404040404040403756e-01 4.157236927364494683e+00
8.414141414141413922e-01 4.158558730462737607e+00
8.424242424242424088e-01 4.159881250202055902e+00
8.434343434343434254e-01 4.161204498384271311e+00
8.444444444444444420e-01 4.162528487162548529e+00
8.454545454545454586e-01 4.163853229041943216e+00
8.464646464646463642e-01 4.165178807713467712e+00
8.474747474747474918e-01 4.166505167814568367e+00
8.484848484848483974e-01 4.167832322990614458e+00
8.494949494949495250e-01 4.169160287240870844e+00
8.505050505050504306e-01 4.170489074918886097e+00
8.515151515151515582e-01 4.171818700732842444e+00
8.525252525252524638e-01 4.173149179745882620e+00
8.535353535353534804e-01 4.174480527376401184e+00
8.545454545454544970e-01 4.175812759398303875e+00
8.555555555555555136e-01 4.177145975305476711e+00
8.565656565656565302e-01 4.178480111026217081e+00
8.575757575757575468e-01 4.179815183484429042e+00
8.585858585858585634e-01 4.181151209960289883e+00
8.595959595959595800e-01 4.182488208090341608e+00
8.606060606060604856e-01 4.183826195867555775e+00
8.616161616161616132e-01 4.185165191641365467e+00
8.626262626262625188e-01 4.186505214117661744e+00
8.636363636363636465e-01 4.187846282358766103e+00
8.646464646464645520e-01 4.189188514415950415e+00
8.656565656565656797e-01 4.190531834786772158e+00
8.666666666666665853e-01 4.191876263684484627e+00
8.676767676767677129e-01 4.193221821678276839e+00
8.686868686868686185e-01 4.194568529693076364e+00
8.696969696969696351e-01 4.195916409009313064e+00
8.707070707070706517e-01 4.197265481262663300e+00
8.717171717171716683e-01 4.198615768443754170e+00
8.727272727272726849e-01 4.199967292897838433e+00
8.737373737373737015e-01 4.201320193963162808e+00
8.747474747474747181e-01 4.202674381955564975e+00
8.757575757575757347e-01 4.204029880363387761e+00
8.767676767676766403e-01 4.205386713027855272e+00
8.777777777777777679e-01 4.206744904142586172e+00
8.787878787878786735e-01 4.208104478253063441e+00
8.797979797979798011e-01 4.209465460256092584e+00
8.808080808080807067e-01 4.210827875399207443e+00
8.818181818181818343e-01 4.212191749280068009e+00
8.828282828282827399e-01 4.213557245207695701e+00
8.838383838383838675e-01 4.214924256556799698e+00
8.848484848484847731e-01 4.216292810051564643e+00
8.858585858585857897e-01 4.217662932763310835e+00
8.868686868686868063e-01 4.219034652109718841e+00
8.878787878787878229e-01 4.220407995854020378e+00
8.888888888888888395e-01 4.221782992104163412e+00
8.898989898989898562e-01 4.223159669311938202e+00
8.909090909090908728e-01 4.224538056272085562e+00
8.919191919191918894e-01 4.225918342881995748e+00
8.929292929292929060e-01 4.227300402828507053e+00
8.939393939393939226e-01 4.228684266007754822e+00
8.949494949494949392e-01 4.230069962654634530e+00
8.959595959595959558e-01 4.231457523341738636e+00
8.969696969696969724e-01 4.232846978978273000e+00
8.979797979797979890e-01 4.234238360808944002e+00
8.989898989898990056e-01 4.235631700412808343e+00
8.999999999999999112e-01 4.237027029702104208e+00
9.010101010101010388e-01 4.238424567694192291e+00
9.020202020202019444e-01 4.239824165674962231e+00
9.030303030303030720e-01 4.241225856624600610e+00
9.040404040404039776e-01 4.242629673851113559e+00
9.050505050505051052e-01 4.244035650989006925e+00
9.060606060606060108e-01 4.245443821997927358e+00
9.070707070707071384e-01 4.246854221161282084e+00
9.080808080808080440e-01 4.248266883084832912e+00
9.090909090909090606e-01 4.249681842695252953e+00
9.101010101010099662e-01 4.251099350556585499e+00
9.111111111111109828e-01 4.252519232895083157e+00
9.121212121212121104e-01 4.253941525663940126e+00
9.131313131313131271e-01 4.255366265130795078e+00
9.141414141414140326e-01 4.256793487876150195e+00
9.151515151515150492e-01 4.258223230791768010e+00
9.161616161616159548e-01 4.259655531079032720e+00
9.171717171717171935e-01 4.261090426247294616e+00
9.181818181818180991e-01 4.262527954112185213e+00
9.191919191919191157e-01 4.263968399088433614e+00
9.202020202020200212e-01 4.265411559758558013e+00
9.212121212121212599e-01 4.266857474915726200e+00
9.222222222222221655e-01 4.268306183651872310e+00
9.232323232323231821e-01 4.269757725355882272e+00
9.242424242424240877e-01 4.271212139711744626e+00
9.252525252525251043e-01 4.272669466696684459e+00
9.262626262626262319e-01 4.274129746579272471e+00
9.272727272727272485e-01 4.275593019917509174e+00
9.282828282828281541e-01 4.277059607141625364e+00
9.292929292929291707e-01 4.278529276700326456e+00
9.303030303030302983e-01 4.280002070073143372e+00
9.313131313131313149e-01 4.281478029020561848e+00
9.323232323232322205e-01 4.282957195581987619e+00
9.333333333333332371e-01 4.284439612073680514e+00
9.343434343434341427e-01 4.285925321086677897e+00
9.353535353535353813e-01 4.287414365484685241e+00
9.363636363636362869e-01 4.288906788401959602e+00
9.373737373737373035e-01 4.290402948294866015e+00
9.383838383838382091e-01 4.291902581100742964e+00
9.393939393939392257e-01 4.293405730812950516e+00
9.404040404040403534e-01 4.294912441686056681e+00
9.414141414141413700e-01 4.296422758233596539e+00
9.424242424242422755e-01 4.297936725225820709e+00
9.434343434343432921e-01 4.299454387687424273e+00
9.444444444444444198e-01 4.300975790895255280e+00
9.454545454545454364e-01 4.302500980375999262e+00
9.464646464646463420e-01 4.304030354455356644e+00
9.474747474747473586e-01 4.305563614311555654e+00
9.484848484848482641e-01 4.307100806262245563e+00
9.494949494949495028e-01 4.308641976864810097e+00
9.505050505050504084e-01 4.310187172913958698e+00
9.515151515151514250e-01 4.311736441439313339e+00
9.525252525252523306e-01 4.313289829702962486e+00
9.535353535353535692e-01 4.314847385197012386e+00
9.545454545454544748e-01 4.316409155641115269e+00
9.549554545454544748e-01 4.315856770146121235e+00
9.554730983302410774e-01 4.317218561207829985e+00
9.564007421150277910e-01 4.318580352269538736e+00
9.573283858998143936e-01 4.319942143331247486e+00
9.582560296846011072e-01 4.321303934392956236e+00
9.591836734693877098e-01 4.322665725454664098e+00
9.601113172541744234e-01 4.324027516516373737e+00
9.610389610389610260e-01 4.325389307578081599e+00
9.619666048237477396e-01 4.326751098639790349e+00
9.628942486085342312e-01 4.328112889701499100e+00
9.638218923933208337e-01 4.329474680763207850e+00
9.647495361781075474e-01 4.330836471824916600e+00
9.656771799628941499e-01 4.332198262886624462e+00
9.666048237476808636e-01 4.333560053948334101e+00
9.675324675324674661e-01 4.334921845010041963e+00
9.684601113172541798e-01 4.336283636071750713e+00
9.693877551020407823e-01 4.337645427133459464e+00
9.703153988868274960e-01 4.339007218195168214e+00
9.712430426716140985e-01 4.340369009256876964e+00
9.721706864564008121e-01 4.341730800318585715e+00
9.730983302411874147e-01 4.343092591380294465e+00
9.740259740259739063e-01 4.344454382442002327e+00
9.749536178107606199e-01 4.345816173503711077e+00
9.758812615955472225e-01 4.347177964565419828e+00
9.768089053803339361e-01 4.348539755627128578e+00
9.777365491651205387e-01 4.349901546688837328e+00
9.786641929499072523e-01 4.351263337750546079e+00
9.795918367346938549e-01 4.352625128812254829e+00
9.805194805194805685e-01 4.353986919873963579e+00
9.814471243042671711e-01 4.355348710935671441e+00
9.823747680890536627e-01 4.356710501997380192e+00
9.833024118738404873e-01 4.358072293059088942e+00
9.842300556586269789e-01 4.359434084120797692e+00
9.851576994434138035e-01 4.360795875182506443e+00
9.860853432282002951e-01 4.362157666244215193e+00
9.870129870129870087e-01 4.363519457305923943e+00
9.879406307977736112e-01 4.364881248367631805e+00
9.888682745825603249e-01 4.366243039429340556e+00
9.897959183673469274e-01 4.367604830491049306e+00
9.907235621521336411e-01 4.368966621552758056e+00
9.916512059369202436e-01 4.370328412614466806e+00
9.925788497217067352e-01 4.371690203676175557e+00
9.935064935064935598e-01 4.373051994737884307e+00
9.944341372912800514e-01 4.374413785799593057e+00
9.953617810760668760e-01 4.375775576861300920e+00
9.962894248608533676e-01 4.377137367923009670e+00
9.972170686456401922e-01 4.378499158984718420e+00
9.981447124304266838e-01 4.379860950046427170e+00
9.990723562152133974e-01 4.381222741108135921e+00
1.000000000000000000e+00 4.382584532169844671e+00
