0.3448999999999999 3.6451384347041955
0.3455455999999999 3.6455297365771444
0.34619119999999987 3.6459216440737756
0.3468367999999999 3.6463141451977577
0.34748239999999986 3.646707227918944
0.3481279999999999 3.647100880174361
0.34877359999999985 3.647495089869204
0.3494191999999999 3.6478898448778314
0.3500647999999999 3.64828513304477
0.35071039999999987 3.6486809421857167
0.3513559999999999 3.649077260088551
0.35200159999999986 3.6494740745143486
0.3526471999999999 3.6498713731983963
0.35329279999999985 3.650269143851216
0.3539383999999999 3.6506673741595876
0.3545839999999999 3.651066051787578
0.35522959999999987 3.651465164377572
0.3558751999999999 3.6518646995513104
0.35652079999999986 3.652264644910925
0.3571663999999999 3.652664988039983
0.35781199999999985 3.653065716504531
0.3584575999999999 3.6534668178541443
0.3591031999999999 3.653868279622977
0.35974879999999987 3.654270089330816
0.3603943999999999 3.6546722344841407
0.36103999999999986 3.655074702577179
0.3616855999999999 3.6554774810929738
0.36233119999999985 3.655880557504445
0.3629767999999999 3.6562839192754595
0.3636223999999999 3.656687553861901
0.36426799999999987 3.6570914487127415
0.3649135999999999 3.657495591271118
0.36555919999999986 3.6578999689754084
0.3662047999999999 3.658304569260312
0.36685039999999985 3.658709379557929
0.3674959999999999 3.659114387298846
0.36814159999999985 3.65951957991322
0.36878719999999987 3.6599249448318663
0.3694327999999999 3.6603304694873446
0.37007839999999986 3.6607361413150534
0.3707239999999999 3.6611419477543197
0.37136959999999986 3.6615478762494917
0.3720151999999999 3.661953914251035
0.3726607999999999 3.6623600492166277
0.37330639999999987 3.662766268612258
0.3739519999999999 3.663172559913323
0.37459759999999986 3.6635789106057266
0.3752431999999999 3.663985308186981
0.37588879999999986 3.6643917401673076
0.3765343999999999 3.664798194070739
0.37717999999999985 3.66520465743622
0.3778255999999999 3.665611117818713
0.3784711999999999 3.6660175627903007
0.37911679999999987 3.66642397994129
0.3797623999999999 3.6668303568813148
0.38040799999999986 3.667236681240444
0.3810535999999999 3.667642940670283
0.3816991999999999 3.66804912284508
0.3823447999999999 3.6684552154628296
0.3829903999999999 3.6688612062463797
0.38363599999999987 3.6692670829445317
0.3842815999999999 3.669672833333149
0.38492719999999986 3.670078445216257
0.3855727999999999 3.6704839064271475
0.38621839999999985 3.670889204829483
0.3868639999999999 3.671294328318395
0.3875095999999999 3.671699264821588
0.38815519999999987 3.6721040023004368
0.3888007999999999 3.6725085287510892
0.38944639999999986 3.672912832205561
0.3900919999999999 3.6733169007328357
0.3907375999999999 3.673720722439957
0.3913831999999999 3.674124285473127
0.3920287999999999 3.6745275780187967
0.39267439999999987 3.6749305883047576
0.3933199999999999 3.675333304601234
0.39396559999999986 3.6757357152219683
0.3946111999999999 3.6761378085253087
0.39525679999999985 3.676539572915295
0.3959023999999999 3.67694099684274
0.3965479999999999 3.6773420688063085
0.39719359999999987 3.6777427773536
0.3978391999999999 3.678143111082221
0.39848479999999986 3.6785430586408614
0.3991303999999999 3.6789426087303627
0.3997759999999999 3.6793417501047916
0.4004215999999999 3.679740471572502
0.4010671999999999 3.6801387619972026
0.40171279999999987 3.680536610299013
0.4023583999999999 3.680934005455527
0.40300399999999986 3.6813309365028624
0.4036495999999999 3.6817273925367173
0.40429519999999985 3.682123362713417
0.4049407999999999 3.682518836250958
0.4055863999999999 3.682913802430054
0.40623199999999987 3.68330825059517
0.4068775999999999 3.6837021701555623
0.40752319999999986 3.6840955505863064
0.4081687999999999 3.684488381429327
0.4088143999999999 3.684880652294422
0.4094599999999999 3.685272352860281
0.41010559999999985 3.6856634728755036
0.41075119999999987 3.6860540021596115
0.4113967999999999 3.6864439306040557
0.41204239999999986 3.6868332481732207
0.4126879999999999 3.6872219449054233
0.41333359999999986 3.68761001091391
0.4139791999999999 3.6879974363878447
0.4146247999999999 3.6883842115932968
0.4152703999999999 3.6887703268742214
0.4159159999999999 3.6891557726534363
0.41656159999999987 3.6895405394335934
0.4172071999999999 3.689924617798146
0.4178527999999999 3.6903079984123095
0.4184983999999999 3.6906906720240196
0.41914399999999985 3.6910726294648817
0.4197895999999999 3.691453861651118
0.4204351999999999 3.691834359584509
0.42108079999999987 3.692214114353326
0.4217263999999999 3.6925931171332635
0.42237199999999986 3.6929713591883635
0.4230175999999999 3.6933488318719303
0.4236631999999999 3.6937255266274467
0.4243087999999999 3.694101434989478
0.4249543999999999 3.6944765485845745
0.42559999999999987 3.6948508591321643
0.4262455999999999 3.695224358445444
0.4268911999999999 3.6955970384322576
0.4275367999999999 3.6959688910959754
0.42818239999999985 3.6963399085363613
0.4288279999999999 3.696710082950437
0.4294735999999999 3.6970794066333377
0.43011919999999987 3.6974478719791626
0.4307647999999999 3.697815471481817
0.43141039999999986 3.6981821977358487
0.4320559999999999 3.6985480434372784
0.4327015999999999 3.6989130013844207
0.4333471999999999 3.6992770644786996
0.4339927999999999 3.6996402257254584
0.43463839999999987 3.700002478234758
0.4352839999999999 3.7003638152221727
0.4359295999999999 3.700724230009576
0.4365751999999999 3.7010837160259187
0.43722079999999985 3.701442266808002
0.4378663999999999 3.7017998760012403
0.4385119999999999 3.7021565373604166
0.43915759999999987 3.7025122447504333
0.4398031999999999 3.70286699214705
0.44044879999999986 3.7032207736376184
0.4410943999999999 3.703573583421807
0.4417399999999999 3.7039254158123156
0.4423855999999999 3.7042762652355874
0.4430311999999999 3.7046261262325073
0.44367679999999987 3.7049749934590936
0.4443223999999999 3.7053228616871845
0.4449679999999999 3.705669725805111
0.4456135999999999 3.7060155808183657
0.44625919999999986 3.70636042185026
0.4469047999999999 3.7067042441425775
0.4475503999999999 3.707047043056209
0.4481959999999999 3.707388814071792
0.4488415999999999 3.7077295527903305
0.44948719999999986 3.7080692549338097
0.4501327999999999 3.7084079163458052
0.4507783999999999 3.7087455329920767
0.4514239999999999 3.7090821009611576
0.4520695999999999 3.7094176164649344
0.4527151999999999 3.709752075839215
0.4533607999999999 3.7100854755442896
0.4540063999999999 3.7104178121654834
0.4546519999999999 3.710749082413696
0.45529759999999986 3.7110792831259354
0.4559431999999999 3.7114084112658405
0.4565887999999999 3.711736463924194
0.4572343999999999 3.712063438319427
0.4578799999999999 3.712389331798113
0.45852559999999987 3.7127141418354515
0.4591711999999999 3.713037866035743
0.4598167999999999 3.7133605021328546
0.4604623999999999 3.7136820479906745
0.4611079999999999 3.714002501603556
0.4617535999999999 3.714321861096754
0.4623991999999999 3.7146401247268495
0.46304479999999987 3.7149572908821646
0.4636903999999999 3.7152733580831665
0.46433599999999986 3.7155883249828627
0.4649815999999999 3.7159021903671863
0.4656271999999999 3.7162149531553683
0.4662727999999999 3.716526612400303
0.4669183999999999 3.7168371672889
0.46756399999999987 3.7171466171424283
0.4682095999999999 3.717454961416847
0.4688551999999999 3.7177621997031305
0.4695007999999999 3.7180683317275767
0.47014639999999985 3.718373357352109
0.4707919999999999 3.718677276574567
0.4714375999999999 3.7189800895289857
0.4720831999999999 3.719281796485864
0.4727287999999999 3.719582397852423
0.47337439999999986 3.719881894172852
0.4740199999999999 3.7201802861285485
0.4746655999999999 3.7204775745383385
0.4753111999999999 3.720773760358695
0.4759567999999999 3.7210688446839413
0.47660239999999987 3.7213628287464418
0.4772479999999999 3.721655713916785
0.4778935999999999 3.721947501703954
0.4785391999999999 3.722238193755486
0.47918479999999986 3.7225277918576203
0.4798303999999999 3.7228162979354362
0.4804759999999999 3.72310371405298
0.4811215999999999 3.7233900424133775
0.4817671999999999 3.723675285358939
0.48241279999999986 3.7239594453712535
0.4830583999999999 3.7242425250712676
0.4837039999999999 3.7245245272193555
0.4843495999999999 3.724805454715379
0.4849951999999999 3.7250853105987343
0.4856407999999999 3.725364098048387
0.4862863999999999 3.7256418203828976
0.4869319999999999 3.7259184810604347
0.4875775999999999 3.7261940836787755
0.48822319999999986 3.7264686319752967
0.4888687999999999 3.7267421298269547
0.4895143999999999 3.72701458125025
0.49015999999999993 3.727285990401187
0.4908055999999999 3.7275563615752123
0.49145119999999987 3.7278256992071546
0.4920967999999999 3.7280940078711406
0.4927423999999999 3.728361292280508
0.4933879999999999 3.728627557287701
0.49403359999999985 3.728892807884159
0.4946791999999999 3.729157049200192
0.4953247999999999 3.729420286504841
0.4959703999999999 3.7296825252057326
0.4966159999999999 3.7299437708489203
0.49726159999999986 3.7302040291187093
0.4979071999999999 3.730463305837477
0.4985527999999999 3.7307216069654774
0.49919839999999993 3.7309789386006353
0.4998439999999999 3.731235306978328
0.5004895999999999 3.7314907184711563
0.5011351999999999 3.7317451795887044
0.5017807999999999 3.731998696977286
0.5024263999999998 3.732251277419682
0.5030719999999999 3.732502927834863
0.5037175999999999 3.732753655277703
0.5043631999999999 3.7330034669386816
0.5050087999999999 3.7332523701435716
0.5056543999999998 3.733500372353119
0.5062999999999999 3.7337474811627067
0.5069455999999999 3.733993704302014
0.5075911999999999 3.7342390496346556
0.5082367999999999 3.734483525157816
0.5088823999999998 3.734727139001869
0.5095279999999999 3.734969899429988
0.5101735999999999 3.73521181483774
0.5108191999999999 3.7354528937526763
0.5114647999999999 3.735693144833904
0.5121103999999999 3.73593257687165
0.5127559999999999 3.736171198786812
0.5134015999999999 3.736409019630501
0.5140471999999999 3.7366460485835677
0.5146928 3.7368822949561213
0.5153383999999999 3.7371177681870362
0.5159839999999999 3.7373524778434475
0.5166295999999999 3.7375864336202325
0.5172751999999999 3.737819645339486
0.5179208 3.7380521229499797
0.5185663999999999 3.738283876526614
0.5192119999999999 3.7385149162698554
0.5198575999999999 3.738745252505166
0.5205031999999998 3.7389748956824183
0.5211487999999999 3.739203856375304
0.5217943999999999 3.739432145280724
0.5224399999999999 3.739659773218179
0.5230855999999999 3.7398867511291347
0.5237311999999998 3.7401130900763895
0.5243767999999999 3.740338801243422
0.5250223999999999 3.740563895933734
0.5256679999999999 3.7407883855701773
0.5263135999999999 3.7410122816942732
0.5269591999999998 3.741235595965521
0.5276047999999999 3.741458340160695
0.5282503999999999 3.7416805261731296
0.5288959999999999 3.7419021660119984
0.5295416 3.7421232718015762
0.5301871999999999 3.7423438557804958
0.5308327999999999 3.7425639303009937
0.5314783999999999 3.74278350782814
0.5321239999999999 3.7430026009390676
0.5327696 3.7432212223221812
0.5334151999999999 3.7434393847763627
0.5340607999999999 3.7436571012101645
0.5347063999999999 3.743874384640991
0.5353519999999998 3.7440912481942714
0.5359976 3.744307705102624
0.5366431999999999 3.7445237687050086
0.5372887999999999 3.7447394524458675
0.5379343999999999 3.7449547698742602
0.5385799999999998 3.7451697346429875
0.5392255999999999 3.7453843605077015
0.5398711999999999 3.745598661326014
0.5405167999999999 3.7458126510565863
0.5411623999999999 3.746026343758217
0.5418079999999998 3.746239753588915
0.5424535999999999 3.7464528948049667
0.5430991999999999 3.746665781759991
0.5437447999999999 3.7468784289039885
0.5443903999999999 3.747090850782376
0.5450359999999999 3.7473030620350185
0.5456815999999999 3.7475150773952466
0.5463271999999999 3.747726911688868
0.5469727999999999 3.7479385798331686
0.5476184 3.7481500968359054
0.5482639999999999 3.748361477794291
0.5489095999999999 3.7485727378939675
0.5495551999999999 3.748783892407975
0.5502007999999999 3.7489949566957077
0.5508464 3.7492059462018643
0.5514919999999999 3.749416876455389
0.5521375999999999 3.749627763068403
0.5527831999999999 3.749838621735132
0.5534287999999998 3.7500494682308183
0.5540744 3.750260318410634
0.5547199999999999 3.7504711882085746
0.5553655999999999 3.7506820936363576
0.5560111999999999 3.7508930507823037
0.5566567999999998 3.751104075810213
0.5573023999999999 3.7513151849582345
0.5579479999999999 3.751526394537729
0.5585935999999999 3.751737720932119
0.5592391999999999 3.75194918059574
0.5598847999999998 3.752160790052675
0.5605303999999999 3.75237256589559
0.5611759999999999 3.752584524784554
0.5618215999999999 3.752796683445862
0.5624672 3.7530090586708416
0.5631127999999999 3.7532216673146572
0.5637583999999999 3.7534345262951088
0.5644039999999999 3.7536476525914204
0.5650495999999999 3.753861063243024
0.5656952 3.7540747753483363
0.5663407999999999 3.7542888060635304
0.5669863999999999 3.7545031726012996
0.5676319999999999 3.7547178922296145
0.5682775999999999 3.7549329822704767
0.5689232 3.755148460098663
0.5695687999999999 3.755364343140467
0.5702143999999999 3.7555806488724324
0.5708599999999999 3.7557973948200827
0.5715055999999998 3.7560145985566415
0.5721512 3.7562322777017525
0.5727967999999999 3.7564504499201905
0.5734423999999999 3.7566691329205675
0.5740879999999999 3.7568883444540346
0.5747335999999998 3.757108102312979
0.5753791999999999 3.7573284243297134
0.5760247999999999 3.7575493283751653
0.5766703999999999 3.757770832357555
0.5773159999999999 3.757992954221077
0.5779615999999999 3.7582157119445676
0.5786071999999999 3.758439123540177
0.5792527999999999 3.75866320705203
0.5798983999999999 3.758887980554888
0.580544 3.7591134621528006
0.5811895999999999 3.759339669977761
0.5818351999999999 3.75956662218835
0.5824807999999999 3.759794336968381
0.5831263999999999 3.7600228325255394
0.583772 3.7602521270900198
0.5844175999999999 3.7604822389131565
0.5850631999999999 3.760713186266056
0.5857087999999999 3.76094498743822
0.5863543999999999 3.761177660736172
0.587 3.7614112244820737
0.5876455999999999 3.7616456970123453
0.5882911999999999 3.761881096676278
0.5889367999999999 3.762117441834647
0.5895823999999998 3.7623547508583193
0.5902279999999999 3.7625930421268627
0.5908735999999999 3.762832334027148
0.5915191999999999 3.7630726449519534
0.5921647999999999 3.7633139932985635
0.5928103999999998 3.7635563974673683
0.5934559999999999 3.763799875860459
0.5941015999999999 3.764044446880224
0.5947471999999999 3.764290128927941
0.5953927999999999 3.7645369404023707
0.5960383999999999 3.764784899698344
0.5966839999999999 3.7650340252053547
0.5973295999999999 3.7652843353061454
0.5979751999999999 3.765535848375295
0.5986208 3.765788582777808
0.5992663999999999 3.7660425568676943
0.5999119999999999 3.766297788986559
0.6005575999999999 3.766554297462186
0.6012031999999998 3.766812100607121
0.6018488 3.7670712167172558
0.6024943999999999 3.767331664070412
0.6031399999999999 3.7675934609249264
0.6037855999999999 3.7678566255182333
0.6044311999999998 3.7681211760654483
0.6050768 3.7683871307579544
0.6057223999999999 3.768654507761987
0.6063679999999999 3.7689233252172185
0.6070135999999999 3.769193601235346
0.6076591999999998 3.769465353898678
0.6083048 3.7697386012587235
0.6089503999999999 3.7700133613347804
0.6095959999999999 3.770289652112528
0.6102415999999999 3.770567491542618
0.6108871999999999 3.770846897539269
0.6115328 3.7711278879788606
0.6121783999999999 3.771410480698533
0.6128239999999999 3.771694693494783
0.6134696 3.7719805441220684
0.6141151999999999 3.7722680502914083
0.6147607999999999 3.7725572296689904
0.6154063999999999 3.7728480998747784
0.6160519999999999 3.773140678481123
0.6166976 3.7734349830113736
0.6173431999999999 3.7737310309384955
0.6179887999999999 3.7740288396836887
0.6186343999999999 3.7743284266150092
0.6192799999999998 3.7746298090459947
0.6199256 3.774933004234292
0.6205711999999999 3.775238029380289
0.6212167999999999 3.7755449016257514
0.6218623999999999 3.7758536380524585
0.6225079999999998 3.77616425568085
0.6231536 3.776476771468669
0.6237991999999999 3.776791202309615
0.6244447999999999 3.777107565031998
0.6250903999999999 3.7774258763973982
0.6257359999999998 3.7777461530993284
0.6263816 3.778068411761903
0.6270271999999999 3.778392668938512
0.6276727999999999 3.778718941110496
0.6283183999999999 3.779047244685832
0.6289639999999999 3.779377595997816
0.6296096 3.7797100113037634
0.6302551999999999 3.7800445067836996
0.6309007999999999 3.7803810985390682
0.6315464 3.780719802591438
0.6321919999999999 3.7810606348812184
0.6328375999999999 3.7814036112663802
0.6334831999999999 3.7817487475211813
0.6341287999999999 3.7820960593349007
0.6347744 3.782445562310574
0.6354199999999999 3.7827972719637426
0.6360655999999999 3.783151203721202
0.6367111999999999 3.78350737291976
0.6373567999999998 3.783865794805003
0.6380024 3.7842264845300657
0.6386479999999999 3.784589457154409
0.6392935999999999 3.784954727642607
0.6399391999999999 3.785322310863137
0.6405847999999998 3.7856922215871807
0.6412304 3.786064474487431
0.6418759999999999 3.786439084136907
0.6425215999999999 3.7868160650077725
0.6431671999999999 3.787195431470171
0.6438127999999999 3.787577197791059
0.6444584 3.787961378133054
0.6451039999999999 3.788347986553287
0.6457495999999999 3.788737037002264
0.6463952 3.789128543322738
0.6470407999999999 3.789522519248585
0.6476863999999999 3.7899189784036915
0.6483319999999999 3.7903179343008526
0.6489775999999999 3.7907194003406723
0.6496232 3.791123389810481
0.6502687999999999 3.791529915883254
0.6509143999999999 3.7919389916165462
0.6515599999999999 3.7923506299514296
0.6522055999999998 3.7927648437114447
0.6528512 3.793181645601561
0.6534967999999999 3.793601048207142
0.6541423999999999 3.794023063992927
0.6547879999999999 3.794447705302019
0.6554335999999998 3.7948749843548795
0.6560792 3.7953049132483416
0.6567247999999999 3.795737503954622
0.6573703999999999 3.7961727683203548
0.6580159999999999 3.796610718065625
0.6586615999999998 3.797051364783022
0.6593072 3.7974947199366946
0.6599527999999999 3.7979407948614234
0.6605983999999999 3.7983896007617
0.6612439999999999 3.798841148710819
0.6618895999999999 3.7992954496499802
0.6625352 3.799752514387401
0.6631807999999999 3.8002123535974404
0.6638263999999999 3.8006749778197357
0.664472 3.8011403974583478
0.6651175999999999 3.8016086227809187
0.6657631999999999 3.8020796639178434
0.6664087999999999 3.8025535308614473
0.6670543999999999 3.8030302334651815
0.6677 3.803509781442826
0.6683455999999999 3.803992184367706
0.6689911999999999 3.804477451671919
0.6696367999999999 3.8049655926455768
0.6702823999999998 3.8054566164360555
0.670928 3.8059505320472606
0.6715735999999999 3.8064473483389043
0.6722191999999999 3.806947074025793
0.6728647999999999 3.807449717677129
0.6735103999999998 3.807955287715825
0.674156 3.80846379241783
0.6748015999999999 3.808975239911468
0.6754471999999999 3.8094896381767898
0.6760927999999999 3.8100069950449384
0.6767383999999999 3.8105273181975274
0.677384 3.811050615166028
0.6780295999999999 3.8115768933311776
0.6786751999999999 3.8121061599223913
0.6793208 3.812638422017197
0.6799663999999999 3.813173686540675
0.680612 3.8137119602649165
0.6812575999999999 3.814253249808493
0.6819031999999999 3.8147975616359404
0.6825488 3.815344902057256
0.6831943999999999 3.8158952772274084
0.6838399999999999 3.8164486931458645
0.6844855999999999 3.8170051556561244
0.6851311999999999 3.8175646704452775
0.6857768 3.8181272430435653
0.6864223999999999 3.8186928788239625
0.6870679999999999 3.819261583001772
0.6877135999999999 3.819833360634233
0.6883591999999998 3.820408216620142
0.6890048 3.8209861556994897
0.6896503999999999 3.821567182453114
0.6902959999999999 3.822151301302361
0.6909415999999999 3.82273851650877
0.6915871999999998 3.8233288321737624
0.6922328 3.823922252238353
0.6928783999999999 3.824518780482872
0.6935239999999999 3.825118420526703
0.6941695999999999 3.8257211758280354
0.6948151999999999 3.8263270496836306
0.6954608 3.8269360452286048
0.6961063999999999 3.8275481654362236
0.6967519999999999 3.8281634131177156
0.6973976 3.828781790922096
0.6980431999999999 3.8294033013360096
0.6986888 3.830027946683587
0.6993343999999999 3.830655729126312
0.6999799999999999 3.831286650662913
0.7006256 3.831920713129259
0.7012711999999999 3.8325579181982796
0.7019167999999999 3.8331982673798937
0.7025623999999999 3.8338417620209566
0.7032079999999999 3.834488403305222
0.7038536 3.8351381922533196
0.7044991999999999 3.835791129722744
0.7051447999999999 3.8364472164078665
0.7057903999999999 3.8371064528399543
0.7064359999999998 3.83776883938721
0.7070816 3.838434376254825
0.7077271999999999 3.839103063485047
0.7083727999999999 3.8397749009572655
0.7090183999999999 3.840449888388112
0.7096639999999999 3.841128025331572
0.7103096 3.8418093111791176
0.7109551999999999 3.842493745159854
0.7116007999999999 3.8431813263406793
0.7122464 3.843872053626462
0.7128919999999999 3.8445659257602336
0.7135376 3.8452629413233956
0.7141831999999999 3.845963098735945
0.7148287999999999 3.84666639625671
0.7154744 3.8473728319836074
0.7161199999999999 3.8480824038539123
0.7167655999999999 3.848795109644541
0.7174111999999999 3.849510946972356
0.7180567999999999 3.8502299132944797
0.7187024 3.8509520059086277
0.7193479999999999 3.8516772219534574
0.7199935999999999 3.85240555840893
0.7206391999999999 3.8531370120966897
0.7212847999999998 3.853871579680458
0.7219304 3.8546092576664464
0.7225759999999999 3.8553500424037748
0.7232215999999999 3.8560939300849215
0.7238671999999999 3.856840916746173
0.7245127999999998 3.8575909982680976
0.7251584 3.858344170376035
0.7258039999999999 3.859100428640595
0.7264495999999999 3.8598597684781817
0.7270951999999999 3.86062218515152
0.7277407999999999 3.8613876737702113
0.7283864 3.8621562292912928
0.7290319999999999 3.8629278465198205
0.7296775999999999 3.863702520109464
0.7303232 3.864480244563115
0.7309687999999999 3.865261014233515
0.7316144 3.866044823323896
0.7322599999999999 3.866831665888635
0.7329055999999999 3.8676215358339268
0.7335512 3.8684144269184717
0.7341967999999999 3.869210332754174
0.7348423999999999 3.8700092468068608
0.7354879999999999 3.870811162397014
0.7361335999999999 3.8716160727005144
0.7367792 3.872423970749408
0.7374247999999999 3.873234849432677
0.7380703999999999 3.874048701497037
0.7387159999999999 3.874865519547739
0.7393615999999998 3.8756852960493915
0.7400072 3.8765080233267986
0.7406527999999999 3.8773336935658076
0.7412983999999999 3.8781622988141766
0.7419439999999999 3.878993830982453
0.7425895999999998 3.8798282818448673
0.7432352 3.8806656430402438
0.7438807999999999 3.8815059060729222
0.7445263999999999 3.8823490623136965
0.745172 3.883195103000766
0.7458175999999999 3.8840440192407018
0.7464632 3.884895802009428
0.7471087999999999 3.885750442153215
0.7477543999999999 3.8866079303896903
0.7484 3.887468257308857
0.7490455999999999 3.888331413374136
0.7496912 3.889197388923412
0.7503367999999999 3.8900661741700997
0.7509823999999999 3.890937759204222
0.751628 3.8918121339935006
0.7522735999999999 3.892689288384462
0.7529191999999999 3.893569212103557
0.7535647999999999 3.894451894758293
0.7542104 3.8953373258383763
0.754856 3.8962254947168757
0.7555015999999999 3.897116390651392
0.7561471999999999 3.8980100027852442
0.7567927999999999 3.898906320148667
0.7574383999999998 3.8998053316600227
0.758084 3.9007070261270256
0.7587295999999999 3.9016113922479776
0.7593751999999999 3.90251841861302
0.7600207999999999 3.9034280937053945
0.7606663999999999 3.9043404059027167
0.761312 3.9052553434782675
0.7619575999999999 3.906172894602287
0.7626031999999999 3.9070930473432925
0.7632488 3.9080157896693968
0.7638943999999999 3.908941109449648
0.76454 3.9098689944553766
0.7651855999999999 3.910799432361555
0.7658311999999999 3.9117324107481695
0.7664768 3.9126679171016043
0.7671223999999999 3.913605938816034
0.767768 3.9145464631948332
0.7684135999999999 3.9154894774519926
0.7690591999999999 3.916434968713548
0.7697048 3.91738292401902
0.7703503999999999 3.9183333303228665
0.7709959999999999 3.9192861744959435
0.7716415999999999 3.9202414433269794
0.7722872 3.921199123524057
0.7729328 3.922159201716109
0.7735783999999999 3.9231216644544213
0.7742239999999999 3.9240864982141517
0.7748695999999999 3.925053689395849
0.7755151999999998 3.9260232243269946
0.7761608 3.9269950892635443
0.7768063999999999 3.927969270391485
0.7774519999999999 3.9289457538284
0.7780976 3.9299245256250424
0.7787431999999999 3.930905571766922
0.7793888 3.9318888781758963
0.7800343999999999 3.9328744307117747
0.7806799999999999 3.933862215173932
0.7813256 3.934852217302927
0.7819711999999999 3.935844422782135
0.7826168 3.9368388172393862
0.7832623999999999 3.93783538624861
0.7839079999999999 3.9388341153314976
0.7845536 3.9398349899591607
0.7851991999999999 3.940837995553806
0.7858448 3.9418431174904187
0.7864903999999999 3.9428503410984455
0.787136 3.9438596516634976
0.7877816 3.9448710344290516
0.7884271999999999 3.945884474598161
0.7890727999999999 3.9468999573351784
0.7897183999999999 3.9479174677674798
0.790364 3.9489369909871996
0.7910096 3.9499585120529717
0.7916551999999999 3.9509820159916753
0.7923007999999999 3.9520074878001927
0.7929463999999999 3.953034912447169
0.7935919999999999 3.954064274874777
0.7942376 3.9550955600004967
0.7948831999999999 3.95612875271889
0.7955287999999999 3.9571638379033907
0.7961744 3.958200800408093
0.7968199999999999 3.9592396250695523
0.7974656 3.960280296708587
0.7981111999999999 3.9613228001320877
0.7987567999999999 3.9623671201348296
0.7994024 3.963413241501294
0.8000479999999999 3.964461149007491
0.8006936 3.965510827422788
0.8013391999999999 3.966562261511745
0.8019847999999999 3.96761543603595
0.8026304 3.9686703357558644
0.8032759999999999 3.969726945432668
0.8039215999999999 3.9707852498301097
0.8045671999999999 3.971845233716363
0.8052128 3.972906881865883
0.8058584 3.97397017906127
0.8065039999999999 3.975035110095133
0.8071495999999999 3.976101659771961
0.8077951999999999 3.9771698129099917
0.8084407999999998 3.978239554343089
0.8090864 3.979310868922619
0.8097319999999999 3.9803837415193293
0.8103775999999999 3.981458157025234
0.8110231999999999 3.9825341003554975
0.8116687999999999 3.983611556450321
0.8123144 3.9846905102768333
0.8129599999999999 3.9857709468309785
0.8136055999999999 3.9868528511394135
0.8142512 3.987936208261397
0.8148967999999999 3.9890210032906896
0.8155424 3.990107221357446
0.8161879999999999 3.9911948476301173
0.8168335999999999 3.992283867317345
0.8174792 3.9933742656698636
0.8181247999999999 3.9944660279823982
0.8187704 3.995559139595567
0.8194159999999999 3.996653585897779
0.8200616 3.997749352327135
0.8207072 3.998846424373329
0.8213527999999999 3.999944787579547
0.8219983999999999 4.001044427544367
0.8226439999999999 4.002145329923658
0.8232896 4.003247480432475
0.8239352 4.004350864846962
0.8245807999999999 4.00545546900624
0.8252263999999999 4.006561278814312
0.8258719999999999 4.007668280241943
0.8265175999999999 4.008776459328564
0.8271632 4.009885802184154
0.8278087999999999 4.01099629499113
0.8284543999999999 4.012107924006233
0.8291 4.013220675562408
0.8297455999999999 4.014334536070693
0.8303912 4.0154494920220865
0.8310367999999999 4.01656552998943
0.8316823999999999 4.01768263662928
0.832328 4.01880079868377
0.8329735999999999 4.019920002982491
0.8336192 4.021040236444336
0.8342647999999999 4.022161486079373
0.8349103999999999 4.023283738990695
0.835556 4.0244069823762665
0.8362015999999999 4.025531203530779
0.8368472 4.026656389847489
0.8374927999999999 4.027782528820054
0.8381384 4.028909608044369
0.838784 4.030037615220397
0.8394295999999999 4.031166538153987
0.8400751999999999 4.0322963647586985
0.8407207999999999 4.033427083057609
0.8413664 4.0345586811851275
0.842012 4.035691147388794
0.8426575999999999 4.036824470031073
0.8433031999999999 4.03795863759115
0.8439487999999999 4.039093638666711
0.8445943999999999 4.040229461975721
0.8452399999999999 4.0413660963582
0.8458855999999999 4.04250353077798
0.8465311999999999 4.043641754324471
0.8471768 4.044780756214409
0.8478224 4.045920525793597
0.8484679999999999 4.047061052538648
0.8491135999999999 4.0482023260587106
0.8497591999999999 4.049344336097191
0.8504048 4.050487072533468
0.8510504 4.051630525384599
0.8516959999999999 4.052774684807019
0.8523415999999999 4.053919541098232
0.8529872 4.055065084698485
0.8536328 4.05621130619245
0.8542783999999999 4.057358196310888
0.8549239999999999 4.058505745932296
0.8555695999999999 4.0596539460845635
0.8562152 4.060802787946604
0.8568608 4.061952262849984
0.8575063999999999 4.063102362280547
0.8581519999999999 4.0642530778800126
0.8587975999999999 4.065404401447585
0.8594432 4.066556324941541
0.8600888 4.067708840480803
0.8607343999999999 4.068861940346514
0.8613799999999999 4.070015616983596
0.8620256 4.0711698630023
0.8626712 4.072324671179737
0.8633167999999999 4.073480034461411
0.8639623999999999 4.074635945962734
0.8646079999999999 4.075792398970529
0.8652536 4.076949386944527
0.8658992 4.078106903518844
0.8665447999999999 4.079264942503459
0.8671903999999999 4.080423497885665
0.8678359999999999 4.081582563831525
0.8684816 4.0827421346873
0.8691272 4.083902204980878
0.8697727999999999 4.085062769423182
0.8704183999999999 4.086223822909568
0.871064 4.087385360521218
0.8717096 4.0885473775265035
0.8723551999999999 4.089709869382356
0.8730007999999999 4.090872831735611
0.8736463999999999 4.092036260424342
0.874292 4.093200151479185
0.8749376 4.094364501124648
0.8755831999999999 4.0955293057804045
0.8762287999999999 4.096694562062574
0.8768743999999999 4.097860266784995
0.87752 4.099026416960475
0.8781656 4.100193009802038
0.8788111999999999 4.1013600427241395
0.8794567999999999 4.10252751334389
0.8801024 4.103695419482251
0.880748 4.104863759165212
0.8813935999999999 4.106032530624972
0.8820391999999999 4.107201732301082
0.8826847999999999 4.108371362841594
0.8833304 4.109541421104184
0.883976 4.11071190615726
0.8846215999999999 4.111882817281059
0.8852671999999999 4.113054153968731
0.8859128 4.114225915927399
0.8865584 4.115398103079208
0.887204 4.116570715562365
0.8878495999999999 4.117743753732153
0.8884951999999999 4.1189172181619345
0.8891408 4.120091109644141
0.8897864 4.121265429191243
0.8904319999999999 4.122440178036702
0.8910775999999999 4.1236153576359165
0.8917231999999999 4.12479096966714
0.8923688 4.125967016032391
0.8930144 4.12714349885834
0.8936599999999999 4.128320420497186
0.8943055999999999 4.129497783527516
0.8949512 4.130675590755143
0.8955968 4.131853845213929
0.8962424 4.133032550166596
0.8968879999999999 4.134211709105515
0.8975335999999999 4.135391325753482
0.8981792 4.13657140406447
0.8988248 4.137751948224372
0.8994703999999999 4.138932962651721
0.9001159999999999 4.140114451998399
0.9007615999999999 4.141296421150323
0.9014072 4.142478875228112
0.9020528 4.143661819587745
0.9026983999999999 4.144845259821192
0.9033439999999999 4.146029201757038
0.9039896 4.147213651461074
0.9046352 4.148398615236888
0.9052808 4.149584099626425
0.9059263999999999 4.1507701114105355
0.9065719999999999 4.151956657609501
0.9072176 4.1531437454835505
0.9078632 4.154331382533348
0.9085087999999999 4.15551957650047
0.9091543999999999 4.156708335367865
0.9097999999999999 4.157897667360282
0.9104456 4.159087580944702
0.9110912 4.160278084830733
0.9117367999999999 4.161469187970996
0.9123823999999999 4.162660899561493
0.913028 4.163853229041943
0.9136736 4.165046186096128
0.9143192 4.166239780652186
0.9149647999999999 4.16743402288291
0.9156103999999999 4.168628923206024
0.916256 4.16982449228443
0.9169016 4.17102074102645
0.9175471999999999 4.172217680586038
0.9181927999999999 4.173415322362981
0.9188383999999999 4.1746136780030785
0.919484 4.175812759398304
0.9201296 4.177012578686945
0.9207751999999999 4.178213148253729
0.9214207999999999 4.179414480729926
0.9220664 4.180616588993436
0.922712 4.181819486168857
0.9233576 4.18302318562753
0.9240031999999999 4.184227700987569
0.9246487999999999 4.185433046113879
0.9252944 4.186639235118134
0.92594 4.187846282358766
0.9265855999999999 4.189054202440904
0.9272311999999999 4.190263010216322
0.9278768 4.191472720783347
0.9285224 4.192683349486759
0.929168 4.193894911917674
0.9298135999999999 4.195107423913398
0.9304591999999999 4.196320901557271
0.9311048 4.19753536117849
0.9317504 4.198750819351912
0.9323959999999999 4.199967292897838
0.9330415999999999 4.201184798881782
0.9336871999999999 4.202403354614214
0.9343328 4.203622977650293
0.9349784 4.204843685789576
0.9356239999999999 4.206065497075706
0.9362695999999999 4.20728842979609
0.9369152 4.20851250248155
0.9375608 4.209737733905961
0.9382064 4.210964143085864
0.9388519999999999 4.212191749280068
0.9394975999999999 4.21342057198923
0.9401432 4.214650630955416
0.9407888 4.215881946161643
0.9414343999999999 4.217114537831407
0.9420799999999999 4.218348426428189
0.9427255999999999 4.219583632654942
0.9433712 4.22082017745356
0.9440168 4.222058082004335
0.9446623999999999 4.223297367725388
0.9453079999999999 4.224538056272086
0.9459536 4.225780169536436
0.9465992 4.227023729646475
0.9472448 4.22826875896562
0.9478903999999999 4.229515280092024
0.9485359999999999 4.230763315857897
0.9491816 4.232012889328812
0.9498272 4.233264023803004
0.9504727999999999 4.234516742810641
0.9511183999999999 4.2357710701130795
0.9517639999999999 4.237027029702104
0.9524096 4.238284645799152
0.9530552 4.239543942854515
0.9537007999999999 4.240804945546529
0.9543463999999999 4.242067678780743
0.954992 4.2433321676890765
0.9556376 4.244598437628951
0.9562832 4.245866514182415
0.9569287999999999 4.247136423155244
0.9575743999999999 4.248408190576031
0.95822 4.249681842695253
0.9588656 4.250957405984328
0.9595111999999999 4.252234907134648
0.9601567999999999 4.253514373056608
0.9608024 4.254795830878606
0.961448 4.256079307946032
0.9620936 4.2573648318202455
0.9627391999999999 4.258652430277529
0.9633847999999999 4.2599421313080335
0.9640304 4.2612339631147025
0.964676 4.262527954112185
0.9653216 4.26382413292573
0.9659671999999999 4.265122528390068
0.9666127999999999 4.2664231695482755
0.9672584 4.267726085650627
0.967904 4.26903130615343
0.9685495999999999 4.270338860717845
0.9691951999999999 4.271648779208695
0.9698408 4.272961091693253
0.9704864 4.274275828440025
0.971132 4.275593019917509
0.9717775999999999 4.276912696792946
0.9724231999999999 4.278234889931058
0.9730688 4.279559630392765
0.9737144 4.280886949433898
0.97436 4.282216878503892
0.9750055999999999 4.283549449244465
0.9756511999999999 4.284884693488289
0.9762968 4.286222643257646
0.9769424 4.287563330763065
0.9775879999999999 4.28890678840196
0.9782335999999999 4.290253048757236
0.9788792 4.291602144595906
0.9795248 4.292954108867671
0.9801704 4.29430897470351
0.9808159999999999 4.295666775414241
0.9814615999999999 4.297027544489081
0.9821072 4.29839131559419
0.9827528 4.299758122571205
0.9833984 4.301127999435762
0.9840439999999999 4.302500980375999
0.9846895999999999 4.303877099751072
0.9853352 4.30525639208963
0.9859808 4.306638892088297
0.9866263999999999 4.308024634610144
0.9872719999999999 4.3094136546831425
0.9879176 4.310805987498612
0.9885632 4.312201668409664
0.9892088 4.313600732929619
0.9898543999999999 4.315003216730436
0.9904999999999999 4.316409155641115
