0.0019607843137254832 2.5259458254172307
0.0029588235294117577 2.6630264197847433
0.003956862745098032 2.7717658187744787
0.004954901960784307 2.8601301769808116
0.005952941176470582 2.9333559644310387
0.006950980392156856 2.9950269037145136
0.007949019607843132 3.0476783372398457
0.008947058823529405 3.093154466292567
0.00994509803921568 3.1328288336500414
0.010943137254901956 3.167745464366944
0.01194117647058823 3.1987120901358477
0.012939215686274505 3.2263634194317543
0.01393725490196078 3.2512051114778555
0.014935294117647054 3.2736449877157376
0.015933333333333327 3.2940156027725127
0.0169313725490196 3.312590842526617
0.017929411764705878 3.329598315404811
0.01892745098039215 3.3452287303988064
0.01992549019607843 3.3596430833906803
0.020923529411764702 3.372978226961429
0.021921568627450976 3.385351232581835
0.022919607843137253 3.3968628400000926
0.023917647058823526 3.4076002091580713
0.0249156862745098 3.4176391338068557
0.025913725490196077 3.427045835789155
0.02691176470588235 3.435878429827258
0.027909803921568624 3.4441881273116324
0.028907843137254897 3.452020231781783
0.029905882352941175 3.459414966974506
0.030903921568627448 3.4664081693981066
0.03190196078431372 3.4730318706046903
0.0329 3.47931478912552
0.03389803921568627 3.485282748008554
0.034896078431372546 3.49095903076224
0.03589411764705882 3.4963646860516455
0.03689215686274509 3.5015187895534305
0.037890196078431373 3.506438669836264
0.03888823529411765 3.5111401039036556
0.03988627450980392 3.5156374870487923
0.040884313725490194 3.5199439808740376
0.04188235294117647 3.524071642681224
0.04288039215686274 3.5280315389119155
0.04387843137254902 3.5318338448853264
0.044876470588235295 3.535487932726733
0.04587450980392157 3.5390024490861705
0.04687254901960784 3.542385384004226
0.047870588235294116 3.5456441320795147
0.04886862745098039 3.5487855469234733
0.04986666666666667 3.5518159897464834
0.050864705882352944 3.5547413728001906
0.05186274509803922 3.5575671983003367
0.05286078431372549 3.560298593369306
0.053858823529411765 3.562940341465289
0.05485686274509804 3.565496910703411
0.05585490196078431 3.567972479421591
0.05685294117647059 3.570370959298871
0.057850980392156866 3.5726960162952794
0.05884901960784314 3.574951089649023
0.05984705882352941 3.5771394091380766
0.060845098039215686 3.57926401078838
0.06184313725490196 3.5813277511893338
0.06284117647058823 3.5833333205585434
0.06383921568627451 3.585283254681485
0.06483725490196078 3.587179945837514
0.06583529411764706 3.589025652811234
0.06683333333333334 3.590822510077305
0.06783137254901961 3.592572536237246
0.06882941176470589 3.5942776417783304
0.06982745098039216 3.595939636217307
0.07082549019607844 3.5975602346850812
0.0718235294117647 3.5991410640027657
0.07282156862745098 3.600683668294334
0.07381960784313726 3.6021895141766067
0.07481764705882353 3.6036599955632305
0.07581568627450981 3.605096438115748
0.07681372549019608 3.6065001033716295
0.07781176470588236 3.6078721925762918
0.07880980392156864 3.6092138502435853
0.0798078431372549 3.610526167466921
0.08080588235294119 3.611810185001188
0.08180392156862745 3.613066896133757
0.08280196078431373 3.6142972493612184
0.0838 3.615502150887025
0.08479803921568628 3.6166824669538564
0.08579607843137256 3.6178390260233386
0.08679411764705883 3.6189726208146347
0.08779215686274511 3.6200840102124605
0.08879019607843137 3.621173921054184
0.08978823529411765 3.6222430498048386
0.09078627450980392 3.6232920641281927
0.0917843137254902 3.6243216043612945
0.09278235294117648 3.625332284899367
0.09378039215686275 3.6263246954973303
0.09477843137254903 3.6272994024937573
0.0957764705882353 3.628256949962602
0.09677450980392158 3.629197860797621
0.09777254901960786 3.63012263773404
0.09877058823529412 3.6310317643116505
0.0997686274509804 3.6319257057832317
0.10076666666666667 3.6328049099718687
0.10176470588235295 3.6336698080805045
0.10276274509803922 3.634520815456793
0.1037607843137255 3.6353583323161067
0.10475882352941178 3.6361827444253536
0.10575686274509805 3.636994423750048
0.10675490196078433 3.637793729066928
0.10775294117647059 3.638581006544236
0.10875098039215687 3.639356590291639
0.10974901960784314 3.640120802881622
0.11074705882352942 3.640873955844075
0.1117450980392157 3.641616350135652
0.11274313725490197 3.64234827658541
0.11374117647058825 3.6430700163180996
0.11473921568627451 3.64378184115641
0.1157372549019608 3.6444840140033823
0.11673529411764706 3.645176789206114
0.11773333333333334 3.645860412901822
0.11873137254901962 3.64653512334725
0.11972941176470589 3.647201151232352
0.12072745098039217 3.647858719979113
0.12172549019607844 3.648508046026332
0.12272352941176472 3.6491493391011236
0.123721568627451 3.649782802477857
0.12471960784313726 3.6504086332252075
0.12571764705882355 3.6510270224419488
0.1267156862745098 3.651638155482085
0.12771372549019608 3.6522422121698757
0.12871176470588236 3.6528393670052797
0.12970980392156864 3.6534297893603185
0.13070784313725492 3.6540136436668145
0.1317058823529412 3.654591089595952
0.13270392156862745 3.6551622822300662
0.13370196078431373 3.655727372227054
0.13470000000000001 3.6562865059777723
0.1356980392156863 3.656839825756772
0.13669607843137258 3.657387469866692
0.13769411764705883 3.6579295727766237
0.1386921568627451 3.6584662652547353
0.1396901960784314 3.6589976744954402
0.14068823529411767 3.659523924241356
0.14168627450980392 3.6600451349003134
0.1426843137254902 3.6605614236576414
0.14368235294117648 3.6610729045839525
0.14468039215686276 3.6615796887386343
0.14567843137254904 3.6620818842692504
0.1466764705882353 3.662579596507033
0.14767450980392158 3.6630729280586474
0.14867254901960786 3.663561978894397
0.14967058823529414 3.664046846433032
0.15066862745098042 3.664527625623305
0.15166666666666667 3.6650044090224285
0.15266470588235295 3.665477286871565
0.15366274509803923 3.6659463471684766
0.1546607843137255 3.6664116757374683
0.1556588235294118 3.6668733562967306
0.15665686274509805 3.6673314705232025
0.15765490196078433 3.6677860981150525
0.1586529411764706 3.668237316851889
0.1596509803921569 3.6686852026527856
0.16064901960784314 3.6691298296322206
0.16164705882352942 3.6695712701540137
0.1626450980392157 3.670009594883346
0.16364313725490198 3.6704448728369377
0.16464117647058826 3.6708771714314663
0.16563921568627452 3.6713065565302907
0.1666372549019608 3.671733092488549
0.16763529411764708 3.672156842196705
0.16863333333333336 3.6725778671225955
0.16963137254901964 3.6729962273520402
0.1706294117647059 3.6734119816280764
0.17162745098039217 3.673825187388868
0.17262549019607845 3.6742359008043373
0.17362352941176473 3.6746441768115843
0.174621568627451 3.6750500691491172
0.17561960784313727 3.6754536303899625
0.17661764705882355 3.6758549119736847
0.17761568627450983 3.6762539642373566
0.1786137254901961 3.676650836445532
0.17961176470588236 3.67704557681924
0.18060980392156864 3.677438232564059
0.18160784313725492 3.677828849897282
0.1826058823529412 3.6782174740742275
0.18360392156862748 3.6786041494137125
0.18460196078431373 3.6789889193227276
0.18560000000000001 3.67937182632034
0.1865980392156863 3.679752912060848
0.18759607843137258 3.680132217356225
0.18859411764705886 3.680509782197868
0.1895921568627451 3.680885645777682
0.1905901960784314 3.6812598465085147
0.19158823529411767 3.6816324220439838
0.19258627450980395 3.6820034092976934
0.19358431372549023 3.68237284446188
0.19458235294117648 3.682740763025502
0.19558039215686276 3.683107199791784
0.19657843137254905 3.6834721888952533
0.19757647058823533 3.683835763818265
0.19857450980392158 3.6841979574070463
0.19957254901960786 3.684558801887276
0.20057058823529414 3.684918328879209
0.20156862745098042 3.6852765694123626
0.2025666666666667 3.685633553939786
0.20356470588235295 3.685989312351917
0.20456274509803923 3.6863438739900456
0.20556078431372551 3.6866972676593988
0.2065588235294118 3.687049521641854
0.20755686274509808 3.6874006637082952
0.20855490196078433 3.687750721130627
0.2095529411764706 3.6880997206934527
0.2105509803921569 3.6884476887054287
0.21154901960784317 3.6887946510103093
0.21254705882352942 3.6891406329976855
0.2135450980392157 3.6894856596134313
0.21454313725490198 3.6898297553698693
0.21554117647058826 3.690172944355659
0.21653921568627454 3.6905152502454177
0.2175372549019608 3.690856696309086
0.21853529411764708 3.691197305421045
0.21953333333333336 3.6915371000689863
0.22053137254901964 3.691876102362552
0.22152941176470592 3.6922143340417453
0.22252745098039217 3.6925518164851234
0.22352549019607845 3.6928885707177725
0.22452352941176473 3.693224617419078
0.225521568627451 3.6935599769302954
0.2265196078431373 3.6938946692619226
0.22751764705882355 3.6942287141008885
0.22851568627450983 3.6945621308175496
0.2295137254901961 3.6948949384725207
0.2305117647058824 3.695227155823322
0.23150980392156864 3.695558801330863
0.23250784313725492 3.6958898931657673
0.2335058823529412 3.6962204492145307
0.23450392156862748 3.696550487085537
0.23550196078431376 3.6968800241149156
0.23650000000000002 3.6972090773722575
0.2374980392156863 3.6975376636661954
0.23849607843137258 3.6978657995498407
0.23949411764705886 3.6981935013260907
0.24049215686274514 3.6985207850528092
0.2414901960784314 3.6988476665478784
0.24248823529411767 3.699174161394132
0.24348627450980395 3.6995002849441683
0.24448431372549023 3.69982605232505
0.2454823529411765 3.7001514784428897
0.24648039215686277 3.7004765779873323
0.24747843137254905 3.7008013654359244
0.24847647058823533 3.701125855058387
0.2494745098039216 3.7014500609207843
0.25047254901960786 3.7017739968896017
0.2514705882352941 3.702097676635719
0.2524686274509804 3.7024211136383016
0.2534666666666667 3.7027443211885975
0.254464705882353 3.703067312393647
0.25546274509803923 3.703390100179909
0.25646078431372554 3.703712697296806
0.2574588235294118 3.704035116320185
0.25845686274509805 3.7043573696557055
0.25945490196078436 3.704679469542146
0.2604529411764706 3.7050014280546395
0.2614509803921569 3.705323257107838
0.26244901960784317 3.705644968459005
0.2634470588235294 3.705966573711037
0.26444509803921573 3.706288084315424
0.265443137254902 3.70660951157514
0.2664411764705883 3.7069308666474754
0.26743921568627455 3.707252160546801
0.2684372549019608 3.707573404147279
0.2694352941176471 3.7078946081855095
0.27043333333333336 3.7082157832631237
0.27143137254901967 3.7085369398493206
0.2724294117647059 3.7088580882833497
0.2734274509803922 3.709179238776939
0.2744254901960785 3.7095004014166726
0.27542352941176473 3.7098215861663206
0.276421568627451 3.710142802869117
0.2774196078431373 3.710464061249987
0.27841764705882355 3.710785370917736
0.27941568627450986 3.7111067413671863
0.2804137254901961 3.7114281819812707
0.28141176470588236 3.7117497020330847
0.28240980392156867 3.712071310687895
0.2834078431372549 3.7123930170051063
0.28440588235294123 3.71271482994019
0.2854039215686275 3.7130367583465724
0.28640196078431374 3.713358810977483
0.28740000000000004 3.7136809964877693
0.2883980392156863 3.71400332343567
0.2893960784313726 3.714325800284559
0.29039411764705886 3.714648435404647
0.2913921568627451 3.714971237074656
0.2923901960784314 3.7152942134834577
0.29338823529411767 3.7156173727316775
0.294386274509804 3.7159407228332704
0.29538431372549023 3.7162642717170646
0.2963823529411765 3.716588027228276
0.2973803921568628 3.7169119971299884
0.29837843137254905 3.7172361891046126
0.29937647058823535 3.717560610755312
0.3003745098039216 3.7178852696074003
0.30137254901960786 3.7182101731097177
0.30237058823529417 3.7185353286359737
0.3033686274509804 3.7188607434860703
0.30436666666666673 3.7191864248873965
0.305364705882353 3.719512379996099
0.30636274509803924 3.7198386158983303
0.30736078431372554 3.720165139611473
0.3083588235294118 3.7204919580853386
0.3093568627450981 3.720819078203348
0.31035490196078436 3.721146506783686
0.3113529411764706 3.7214742505804406
0.3123509803921569 3.7218023162847107
0.31334901960784317 3.722130710525705
0.3143470588235294 3.722459439871815
0.31534509803921573 3.722788510831669
0.316343137254902 3.7231179298551633
0.3173411764705883 3.7234477033344855
0.31833921568627455 3.7237778376051063
0.3193372549019608 3.7241083389467624
0.3203352941176471 3.724439213584419
0.32133333333333336 3.724770467689214
0.32233137254901967 3.7251021073793873
0.3233294117647059 3.725434138721192
0.3243274509803922 3.725766567729792
0.3253254901960785 3.72609940037014
0.32632352941176473 3.726432642557845
0.32732156862745104 3.726766300160018
0.3283196078431373 3.727100378996113
0.32931764705882355 3.727434884838739
0.33031568627450986 3.7277698234144756
0.3313137254901961 3.7281052004046598
0.3323117647058824 3.728441021446165
0.33330980392156867 3.728777292132169
0.3343078431372549 3.729114018012905
0.33530588235294123 3.729451204596402
0.3363039215686275 3.729788857349212
0.3373019607843138 3.730126981697125
0.33830000000000005 3.7304655830258735
0.3392980392156863 3.730804666681821
0.3402960784313726 3.7311442379726447
0.34129411764705886 3.7314843021680035
0.34229215686274517 3.731824864500197
0.3432901960784314 3.732165930164808
0.3442882352941177 3.7325075043213443
0.345286274509804 3.732849592093861
0.34628431372549023 3.7331921985715777
0.34728235294117654 3.7335353288094852
0.3482803921568628 3.7338789878289385
0.34927843137254905 3.7342231806182467
0.35027647058823536 3.734567912133249
0.3512745098039216 3.7349131872978827
0.35227254901960786 3.735259011004741
0.35327058823529417 3.7356053881156246
0.3542686274509804 3.7359523234620835
0.35526666666666673 3.7362998218459493
0.356264705882353 3.7366478880398586
0.35726274509803924 3.736996526787773
0.35826078431372554 3.7373457428054837
0.3592588235294118 3.7376955407811163
0.3602568627450981 3.73804592537562
0.36125490196078436 3.7383969012232567
0.3622529411764706 3.738748472932077
0.3632509803921569 3.73910064508439
0.36424901960784317 3.7394534222372307
0.3652470588235295 3.7398068089228143
0.36624509803921573 3.7401608096489873
0.367243137254902 3.7405154288996694
0.3682411764705883 3.7408706711352924
0.36923921568627455 3.741226540793228
0.37023725490196085 3.741583042288216
0.3712352941176471 3.7419401800127767
0.37223333333333336 3.742297958337626
0.37323137254901967 3.74265638161208
0.3742294117647059 3.743015454164458
0.37522745098039223 3.74337518030247
0.3762254901960785 3.7437355643136128
0.37722352941176474 3.7440966104655464
0.37822156862745104 3.7444583230064774
0.3792196078431373 3.7448207061655268
0.3802176470588236 3.745183764153099
0.38121568627450986 3.7455475011612434
0.3822137254901961 3.745911921364012
0.3832117647058824 3.7462770289178096
0.38420980392156867 3.7466428279617414
0.385207843137255 3.7470093226179584
0.38620588235294123 3.747376516991989
0.3872039215686275 3.747744415173079
0.3882019607843138 3.7481130212345146
0.38920000000000005 3.748482339233949
0.3901980392156863 3.7488523732137233
0.3911960784313726 3.749223127201179
0.39219411764705886 3.749594605208973
0.39319215686274517 3.749966811235382
0.3941901960784314 3.750339749264608
0.3951882352941177 3.7507134232670767
0.396186274509804 3.751087837199731
0.39718431372549023 3.7514629950063267
0.39818235294117654 3.751838900617719
0.3991803921568628 3.7522155579521437
0.40017843137254905 3.7525929709155026
0.40117647058823536 3.752971143401638
0.4021745098039216 3.7533500792926064
0.4031725490196079 3.75372978245895
0.40417058823529417 3.754110256759961
0.4051686274509804 3.75449150604395
0.40616666666666673 3.754873534148502
0.407164705882353 3.7552563449007343
0.4081627450980393 3.7556399421175537
0.40916078431372555 3.7560243296059035
0.4101588235294118 3.7564095111630156
0.4111568627450981 3.756795490576651
0.41215490196078436 3.7571822716253482
0.41315294117647067 3.757569858078656
0.4141509803921569 3.7579582536973746
0.4151490196078432 3.758347462233788
0.4161470588235295 3.7587374874318957
0.41714509803921573 3.7591283330276406
0.41814313725490204 3.7595200027491353
0.4191411764705883 3.7599125003168865
0.42013921568627455 3.7603058294440137
0.42113725490196086 3.7606999938364707
0.4221352941176471 3.7610949971932572
0.42313333333333336 3.761490843206639
0.42413137254901967 3.7618875355623524
0.4251294117647059 3.762285077939819
0.42612745098039223 3.7626834740123485
0.4271254901960785 3.7630827274473466
0.42812352941176474 3.763482841906513
0.42912156862745104 3.7638838210460497
0.4301196078431373 3.7642856685168486
0.4311176470588236 3.7646883879646973
0.43211568627450986 3.7650919830304685
0.4331137254901961 3.765496457350312
0.4341117647058824 3.765901814555847
0.43510980392156867 3.7663080582743516
0.436107843137255 3.766715192128944
0.43710588235294123 3.767123219738773
0.4381039215686275 3.7675321447191985
0.4391019607843138 3.7679419706819717
0.44010000000000005 3.7683527012354165
0.44109803921568635 3.7687643399846062
0.4420960784313726 3.7691768905315386
0.44309411764705886 3.7695903564753124
0.44409215686274517 3.770004741412299
0.4450901960784314 3.770420048936312
0.44608823529411773 3.770836282638781
0.447086274509804 3.7712534461089144
0.44808431372549024 3.7716715429338707
0.44908235294117654 3.772090576698921
0.4500803921568628 3.772510550987614
0.4510784313725491 3.772931469381936
0.45207647058823536 3.773353335462475
0.4530745098039216 3.773776152808577
0.4540725490196079 3.7741999249985083
0.45507058823529417 3.7746246556096077
0.4560686274509805 3.7750503482184445
0.45706666666666673 3.7754770064009735
0.458064705882353 3.7759046337326856
0.4590627450980393 3.7763332337887627
0.46006078431372555 3.776762810144226
0.4610588235294118 3.777193366374086
0.4620568627450981 3.777624906053492
0.46305490196078436 3.778057432757877
0.46405294117647067 3.778490950063107
0.4650509803921569 3.778925461545622
0.4660490196078432 3.7793609707825837
0.4670470588235295 3.7797974813520168
0.46804509803921573 3.78023499683295
0.46904313725490204 3.780673520805559
0.4700411764705883 3.781113056851303
0.47103921568627455 3.781553608553069
0.47203725490196086 3.7819951794953037
0.4730352941176471 3.7824377732641548
0.4740333333333334 3.782881393447606
0.47503137254901967 3.7833260436356113
0.4760294117647059 3.783771727420231
0.47702745098039223 3.7842184483957633
0.4780254901960785 3.7846662101588793
0.4790235294117648 3.7851150163087532
0.48002156862745105 3.785564870447194
0.4810196078431373 3.7860157761787745
0.4820176470588236 3.786467737110965
0.48301568627450986 3.7869207568542564
0.48401372549019617 3.787374839022292
0.4850117647058824 3.7878299872319943
0.4860098039215687 3.7882862051036903
0.487007843137255 3.7887434962612394
0.48800588235294123 3.7892018643321563
0.48900392156862754 3.7896613129477386
0.4900019607843138 3.790121845743188
0.49100000000000005 3.7905834663577345
0.49199803921568636 3.7910461784347618
0.4929960784313726 3.791509985621923
0.4939941176470589 3.7919748915712717
0.49499215686274517 3.792440899939372
0.4959901960784314 3.792908014387428
0.49698823529411773 3.7933762385813994
0.497986274509804 3.7938455761921217
0.49898431372549024 3.7943160308954242
0.49998235294117654 3.7947876063722505
0.5009803921568627 3.7952603063087746
0.501978431372549 3.795734134396518
0.5029764705882354 3.7962090943324682
0.5039745098039217 3.7966851898191933
0.5049725490196079 3.797162424564961
0.5059705882352942 3.7976408022838504
0.5069686274509805 3.7981203266958694
0.5079666666666668 3.7986010015270697
0.508964705882353 3.7990828305096596
0.5099627450980393 3.7995658173821205
0.5109607843137256 3.800049965889317
0.5119588235294118 3.800535279782615
0.5129568627450981 3.801021762819988
0.5139549019607844 3.801509418766137
0.5149529411764706 3.8019982513925985
0.5159509803921569 3.802488264477857
0.5169490196078432 3.802979461807455
0.5179470588235294 3.8034718471741105
0.5189450980392157 3.803965424377821
0.519943137254902 3.8044601972259775
0.5209411764705884 3.804956169533475
0.5219392156862745 3.8054533451228236
0.5229372549019609 3.8059517278242563
0.5239352941176472 3.8064513214758398
0.5249333333333334 3.8069521299235864
0.5259313725490197 3.807454157021559
0.526929411764706 3.807957406631986
0.5279274509803922 3.808461882625362
0.5289254901960785 3.8089675888805665
0.5299235294117648 3.8094745292849654
0.5309215686274511 3.8099827077345223
0.5319196078431373 3.8104921281339057
0.5329176470588236 3.811002794396599
0.5339156862745099 3.8115147104450067
0.5349137254901961 3.812027880210562
0.5359117647058824 3.812542307633838
0.5369098039215687 3.813057996664652
0.5379078431372549 3.813574951262172
0.5389058823529412 3.81409317539503
0.5399039215686275 3.8146126730414234
0.5409019607843139 3.8151334481892256
0.5419 3.8156555048360916
0.5428980392156864 3.8161788469895668
0.5438960784313727 3.8167034786671934
0.5448941176470589 3.8172294038966172
0.5458921568627452 3.8177566267156955
0.5468901960784315 3.8182851511726033
0.5478882352941177 3.818814981325941
0.548886274509804 3.819346121244842
0.5498843137254903 3.819878575009078
0.5508823529411765 3.8204123467091664
0.5518803921568628 3.820947440446481
0.5528784313725491 3.821483860333353
0.5538764705882354 3.8220216104931835
0.5548745098039216 3.822560695060547
0.5558725490196079 3.8231011181813015
0.5568705882352942 3.8236428840126937
0.5578686274509804 3.824185996723467
0.5588666666666667 3.824730460493969
0.559864705882353 3.8252762795162583
0.5608627450980392 3.8258234579942147
0.5618607843137255 3.8263720001436425
0.5628588235294119 3.8269219101923824
0.5638568627450982 3.8274731923804173
0.5648549019607844 3.828025850959979
0.5658529411764707 3.8285798901956607
0.566850980392157 3.8291353143645193
0.5678490196078432 3.8296921277561893
0.5688470588235295 3.8302503346729884
0.5698450980392158 3.8308099394300252
0.570843137254902 3.831370946355312
0.5718411764705883 3.83193335978987
0.5728392156862746 3.8324971840878392
0.5738372549019609 3.833062423616589
0.5748352941176471 3.8336290827568265
0.5758333333333334 3.834197165902708
0.5768313725490197 3.834766677461946
0.5778294117647059 3.8353376218559228
0.5788274509803922 3.835910003519797
0.5798254901960785 3.8364838269026182
0.5808235294117647 3.837059096467434
0.581821568627451 3.837635816691404
0.5828196078431374 3.8382139920659077
0.5838176470588237 3.8387936270966607
0.5848156862745099 3.8393747263038227
0.5858137254901962 3.8399572942221107
0.5868117647058825 3.8405413354009106
0.5878098039215687 3.841126854404392
0.588807843137255 3.841713855811619
0.5898058823529413 3.8423023442166624
0.5908039215686275 3.842892324228717
0.5918019607843138 3.8434838004722125
0.5928000000000001 3.8440767775869267
0.5937980392156863 3.8446712602281012
0.5947960784313726 3.8452672530665586
0.5957941176470589 3.8458647607888135
0.5967921568627452 3.846463788097189
0.5977901960784314 3.847064339709933
0.5987882352941177 3.8476664203613358
0.599786274509804 3.8482700348018426
0.6007843137254902 3.8488751877981744
0.6017823529411765 3.849481884133442
0.6027803921568629 3.850090128607266
0.603778431372549 3.850699926035893
0.6047764705882354 3.8513112812523143
0.6057745098039217 3.851924199106386
0.606772549019608 3.8525386844649443
0.6077705882352942 3.853154742211932
0.6087686274509805 3.853772377248509
0.6097666666666668 3.854391594493183
0.610764705882353 3.8550123988819207
0.6117627450980393 3.855634795368276
0.6127607843137256 3.8562587889235083
0.6137588235294118 3.8568843845367065
0.6147568627450981 3.857511587214909
0.6157549019607844 3.8581404019832295
0.6167529411764707 3.858770833884979
0.6177509803921569 3.8594028879817905
0.6187490196078432 3.8600365693537437
0.6197470588235295 3.860671883099488
0.6207450980392157 3.8613088343363717
0.621743137254902 3.8619474282005646
0.6227411764705884 3.8625876698471853
0.6237392156862746 3.86322956445043
0.6247372549019609 3.863873117203699
0.6257352941176472 3.8645183333197233
0.6267333333333334 3.865165218030696
0.6277313725490197 3.865813776588399
0.628729411764706 3.866464014264335
0.6297274509803923 3.867115936349856
0.6307254901960785 3.8677695481562955
0.6317235294117648 3.8684248550150984
0.6327215686274511 3.8690818622779553
0.6337196078431373 3.869740575316933
0.6347176470588236 3.8704009995246103
0.6357156862745099 3.8710631403142077
0.6367137254901961 3.8717270031197266
0.6377117647058824 3.8723925933960817
0.6387098039215687 3.8730599166192365
0.639707843137255 3.873728978286341
0.6407058823529412 3.8743997839158686
0.6417039215686275 3.875072339047753
0.6427019607843139 3.875746649243527
0.6437 3.8764227200864596
0.6446980392156864 3.8771005571817003
0.6456960784313727 3.8777801661564135
0.6466941176470589 3.8784615526599264
0.6476921568627452 3.879144722363863
0.6486901960784315 3.879829680962292
0.6496882352941178 3.880516434171869
0.650686274509804 3.8812049877319783
0.6516843137254903 3.88189534740488
0.6526823529411766 3.8825875189758543
0.6536803921568628 3.8832815082533467
0.6546784313725491 3.8839773210691155
0.6556764705882354 3.884674963278381
0.6566745098039216 3.8853744407599695
0.6576725490196079 3.886075759416469
0.6586705882352942 3.8867789251743723
0.6596686274509804 3.8874839439842312
0.6606666666666667 3.8881908218208094
0.661664705882353 3.8888995646832307
0.6626627450980394 3.8896101785951354
0.6636607843137255 3.8903226696048336
0.6646588235294119 3.891037043785458
0.6656568627450982 3.8917533072351227
0.6666549019607844 3.892471466077077
0.6676529411764707 3.893191526459864
0.668650980392157 3.8939134945574785
0.6696490196078432 3.894637376569526
0.6706470588235295 3.895363178721383
0.6716450980392158 3.8960909072643575
0.6726431372549021 3.8968205684758503
0.6736411764705883 3.8975521686595185
0.6746392156862746 3.8982857141454383
0.6756372549019609 3.89902121129027
0.6766352941176471 3.899758666477424
0.6776333333333334 3.9004980861172256
0.6786313725490197 3.9012394766470835
0.6796294117647059 3.9019828445316573
0.6806274509803922 3.902728196263028
0.6816254901960785 3.9034755383608664
0.6826235294117649 3.9042248773726076
0.683621568627451 3.9049762198736175
0.6846196078431374 3.905729572467374
0.6856176470588237 3.9064849417856324
0.6866156862745099 3.907242334488608
0.6876137254901962 3.908001757265149
0.6886117647058825 3.9087632168329147
0.6896098039215687 3.909526719938553
0.690607843137255 3.9102922733578804
0.6916058823529413 3.9110598838960646
0.6926039215686276 3.9118295583878027
0.6936019607843138 3.9126013036975054
0.6946000000000001 3.9133751267194836
0.6955980392156864 3.9141510343781283
0.6965960784313726 3.914929033628101
0.6975941176470589 3.91570913145452
0.6985921568627452 3.9164913348731454
0.6995901960784314 3.917275650930575
0.7005882352941177 3.9180620867044293
0.701586274509804 3.918850649303547
0.7025843137254902 3.9196413458681754
0.7035823529411765 3.920434183570169
0.7045803921568629 3.92122916961318
0.7055784313725492 3.922026311232858
0.7065764705882354 3.9228256156970467
0.7075745098039217 3.9236270903059864
0.708572549019608 3.9244307423925098
0.7095705882352942 3.925236579322246
0.7105686274509805 3.926044608493826
0.7115666666666668 3.9268548373390826
0.712564705882353 3.9276672733232587
0.7135627450980393 3.9284819239452142
0.7145607843137256 3.9292987967376343
0.7155588235294119 3.9301178992672385
0.7165568627450981 3.930939239134992
0.7175549019607844 3.931762823976319
0.7185529411764707 3.932588661461315
0.7195509803921569 3.933416759294963
0.7205490196078432 3.93424712521735
0.7215470588235295 3.9350797670038844
0.7225450980392157 3.9359146924655155
0.723543137254902 3.9367519094489554
0.7245411764705884 3.937591425836901
0.7255392156862747 3.9384332495482575
0.7265372549019609 3.939277388538362
0.7275352941176472 3.940123850799214
0.7285333333333335 3.940972644359701
0.7295313725490197 3.941823777285829
0.730529411764706 3.942677257680953
0.7315274509803923 3.9435330936860127
0.7325254901960785 3.9443912934797627
0.7335235294117648 3.9452518652790136
0.7345215686274511 3.946114817338864
0.7355196078431373 3.946980157952945
0.7365176470588236 3.9478478954536578
0.7375156862745099 3.9487180382124176
0.7385137254901962 3.949590594639896
0.7395117647058824 3.9504655731862703
0.7405098039215687 3.9513429823414676
0.741507843137255 3.952222830635415
0.7425058823529412 3.9531051266382913
0.7435039215686275 3.953989878960779
0.7445019607843139 3.954877096254319
0.7455 3.9557667872113655
0.7464980392156864 3.956658960565646
0.7474960784313727 3.95755362509242
0.748494117647059 3.9584507896087393
0.7494921568627452 3.9593504629737133
0.7504901960784315 3.960252654088773
0.7514882352941178 3.9611573718979383
0.752486274509804 3.962064625388086
0.7534843137254903 3.9629744235892232
0.7544823529411766 3.963886775574757
0.7554803921568628 3.964801690461769
0.7564784313725491 3.965719177411297
0.7574764705882354 3.9666392456286053
0.7584745098039217 3.9675619043634716
0.7594725490196079 3.9684871629104665
0.7604705882352942 3.9694150306092393
0.7614686274509805 3.9703455168448043
0.7624666666666667 3.971278631047827
0.763464705882353 3.972214382694919
0.7644627450980394 3.973152781308926
0.7654607843137256 3.974093836459227
0.7664588235294119 3.9750375577620276
0.7674568627450982 3.975983954880661
0.7684549019607845 3.976933037525888
0.7694529411764707 3.9778848154562025
0.770450980392157 3.978839298478134
0.7714490196078433 3.979796496446558
0.7724470588235295 3.9807564192650045
0.7734450980392158 3.9817190768859705
0.7744431372549021 3.9826844793112355
0.7754411764705883 3.9836526365921774
0.7764392156862746 3.9846235588300924
0.7774372549019609 3.985597256176515
0.7784352941176471 3.9865737388335427
0.7794333333333334 3.987553017054165
0.7804313725490197 3.9885351011425865
0.781429411764706 3.9895200014545633
0.7824274509803922 3.9905077283977324
0.7834254901960785 3.9914982924319515
0.7844235294117649 3.9924917040696344
0.785421568627451 3.9934879738760936
0.7864196078431374 3.9944871124698826
0.7874176470588237 3.9954891305231452
0.7884156862745099 3.996494038761959
0.7894137254901962 3.997501847966692
0.7904117647058825 3.9985125689723535
0.7914098039215688 3.9995262126689513
0.792407843137255 4.00054279000185
0.7934058823529413 4.001562311972137
0.7944039215686276 4.00258478963698
0.7954019607843138 4.003610234110005
0.7964000000000001 4.004638656561655
0.7973980392156864 4.005670068219571
0.7983960784313726 4.006704480368964
0.7993941176470589 4.007741904352998
0.8003921568627452 4.008782351573166
0.8013901960784315 4.009825833489679
0.8023882352941177 4.010872361621853
0.803386274509804 4.011921947548496
0.8043843137254904 4.012974602908305
0.8053823529411765 4.0140303394002625
0.8063803921568629 4.015089168784035
0.8073784313725492 4.016151102880376
0.8083764705882354 4.017216153571529
0.8093745098039217 4.018284332801643
0.810372549019608 4.019355652577175
0.8113705882352942 4.0204301249673176
0.8123686274509805 4.021507762104405
0.8133666666666668 4.022588576184344
0.8143647058823531 4.023672579467032
0.8153627450980393 4.0247597842767915
0.8163607843137256 4.025850203002799
0.8173588235294119 4.026943848099517
0.8183568627450981 4.028040732087142
0.8193549019607844 4.029140867552032
0.8203529411764707 4.030244267147166
0.8213509803921569 4.031350943592586
0.8223490196078432 4.032460909675848
0.8233470588235295 4.033574178252483
0.8243450980392159 4.034690762246451
0.825343137254902 4.0358106746506115
0.8263411764705884 4.036933928527184
0.8273392156862747 4.038060537008221
0.8283372549019609 4.0391905132960835
0.8293352941176472 4.040323870663918
0.8303333333333335 4.041460622456138
0.8313313725490197 4.042600782088913
0.832329411764706 4.043744363050653
0.8333274509803923 4.044891378902508
0.8343254901960786 4.046041843278863
0.8353235294117648 4.047195769887837
0.8363215686274511 4.048353172511796
0.8373196078431374 4.0495140650078545
0.8383176470588236 4.050678461308395
0.8393156862745099 4.051846375421585
0.8403137254901962 4.053017821431899
0.8413117647058824 4.054192813500644
0.8423098039215687 4.055371365866493
0.843307843137255 4.056553492846017
0.8443058823529412 4.057739208834229
0.8453039215686275 4.058928528305121
0.8463019607843139 4.060121465812221
0.8473000000000002 4.061318035989141
0.8482980392156864 4.062518253550133
0.8492960784313727 4.0637221332906535
0.850294117647059 4.064929690087935
0.8512921568627452 4.066140938901545
0.8522901960784315 4.067355894773975
0.8532882352941178 4.068574572831215
0.854286274509804 4.06979698828334
0.8552843137254903 4.0710231564251
0.8562823529411766 4.072253092636517
0.8572803921568629 4.073486812383486
0.8582784313725491 4.074724331218376
0.8592764705882354 4.0759656647806475
0.8602745098039217 4.077210828797462
0.8612725490196079 4.0784598390843065
0.8622705882352942 4.079712711545619
0.8632686274509805 4.080969462175416
0.8642666666666667 4.082230107057934
0.865264705882353 4.083494662368271
0.8662627450980394 4.0847631443730315
0.8672607843137257 4.086035569430978
0.8682588235294119 4.087311953993695
0.8692568627450982 4.088592314606247
0.8702549019607845 4.089876667907854
0.8712529411764707 4.091165030632559
0.872250980392157 4.092457419609918
0.8732490196078433 4.093753851765681
0.8742470588235295 4.0950543441224845
0.8752450980392158 4.096358913800556
0.8762431372549021 4.0976675780184095
0.8772411764705884 4.098980354093565
0.8782392156862746 4.100297259443263
0.8792372549019609 4.101618311585181
0.8802352941176472 4.102943528138173
0.8812333333333334 4.104272926822997
0.8822313725490197 4.105606525463063
0.883229411764706 4.106944341985175
0.8842274509803922 4.108286394420291
0.8852254901960785 4.109632700904283
0.8862235294117649 4.1109832796787025
0.887221568627451 4.112338149091561
0.8882196078431374 4.113697327598104
0.8892176470588237 4.115060833761608
0.89021568627451 4.1164286862541655
0.8912137254901962 4.117800903857496
0.8922117647058825 4.119177505463753
0.8932098039215688 4.1205585100763376
0.894207843137255 4.121943936810723
0.8952058823529413 4.12333380489529
0.8962039215686276 4.124728133672158
0.8972019607843138 4.126126942598036
0.8982000000000001 4.127530251245074
0.8991980392156864 4.128938079301723
0.9001960784313727 4.130350446573606
0.9011941176470589 4.131767372984388
0.9021921568627452 4.13318887857667
0.9031901960784315 4.134614983512871
0.9041882352941177 4.136045708076133
0.905186274509804 4.137481072671228
0.9061843137254904 4.138921097825475
0.9071823529411766 4.14036580418966
0.9081803921568629 4.141815212538974
0.9091784313725492 4.143269343773953
0.9101764705882355 4.144728218921426
0.9111745098039217 4.146191859135469
0.912172549019608 4.147660285698383
0.9131705882352943 4.1491335200216595
0.9141686274509805 4.1506115836469695
0.9151666666666668 4.1520944982471555
0.9161647058823531 4.153582285627233
0.9171627450980393 4.155074967725407
0.9181607843137256 4.156572566614088
0.9191588235294119 4.158075104500922
0.9201568627450981 4.159582603729835
0.9211549019607844 4.161095086782078
0.9221529411764707 4.162612576277288
0.923150980392157 4.164135094974556
0.9241490196078432 4.165662665773505
0.9251470588235295 4.16719531171538
0.9261450980392159 4.168733055984147
0.927143137254902 4.170275921907599
0.9281411764705884 4.171823932958479
0.9291392156862747 4.173377112755608
0.9301372549019609 4.174935485065021
0.9311352941176472 4.1764990738011285
0.9321333333333335 4.1780679030278645
0.9331313725490198 4.179641996959871
0.934129411764706 4.181221379963674
0.9351274509803923 4.182806076558879
0.9361254901960786 4.184396111419381
0.9371235294117648 4.185991509374578
0.9381215686274511 4.1875922954105995
0.9391196078431374 4.18919849467155
0.9401176470588236 4.190810132460757
0.9411156862745099 4.1924272342420394
0.9421137254901962 4.194049825640979
0.9431117647058825 4.195677932446213
0.9441098039215687 4.19731158061073
0.945107843137255 4.198950796253187
0.9461058823529414 4.200595605659234
0.9471039215686275 4.2022460352828475
0.9481019607843139 4.20390211174769
0.9491000000000002 4.205563861848464
0.9500980392156864 4.207231312552301
0.9510960784313727 4.208904491000139
0.952094117647059 4.210583424508135
0.9530921568627452 4.212268140569082
0.9540901960784315 4.213958666853836
0.9550882352941178 4.215655031212763
0.9560862745098041 4.217357261677201
0.9570843137254903 4.219065386460929
0.9580823529411766 4.220779433961657
0.9590803921568629 4.222499432762529
0.9600784313725491 4.224225411633637
0.9610764705882354 4.225957399533558
0.9620745098039217 4.227695425610896
0.9630725490196079 4.229439519205844
0.9640705882352942 4.231189709851768
0.9650686274509805 4.2329460272767925
0.9660666666666669 4.234708501405414
0.967064705882353 4.236477162360125
0.9680627450980394 4.238252040463053
0.9690607843137257 4.24003316623762
0.9700588235294119 4.241820570410216
0.9710568627450982 4.243614283911888
0.9720549019607845 4.245414337880051
0.9730529411764707 4.247220763660207
0.974050980392157 4.249033592807692
0.9750490196078433 4.250852857089431
0.9760470588235296 4.2526785884857174
0.9770450980392158 4.254510819192008
0.9780431372549021 4.2563495816207375
0.9790411764705884 4.2581949084031425
0.9800392156862746 4.260046832391119
0.9810372549019609 4.261905386659091
0.9820352941176472 4.263770604505891
0.9830333333333334 4.265642519456675
0.9840313725490197 4.267521165264843
0.985029411764706 4.2694065759139885
0.9860274509803924 4.271298785619861
0.9870254901960785 4.273197828832357
0.9880235294117649 4.275103740237522
0.9890215686274512 4.277016554759576
0.9900196078431374 4.278936307562967
0.9910176470588237 4.280863034054439
0.99201568627451 4.282796769885119
0.9930137254901962 4.284737550952628
0.9940117647058825 4.286685413403223
0.9950098039215688 4.288640393633944
0.996007843137255 4.2906025282948
0.9970058823529413 4.292571854290964
0.9980039215686276 4.294548408785002
0.9990019607843139 4.296532229199119
1.0000000000000002 4.29852335321743
