0.1557 3.5234806031002823
0.1564774588 3.5240491688272946
0.15725491760000002 3.5246167805503616
0.1580323764 3.5251834734120093
0.1588098352 3.5257492817849276
0.15958729400000002 3.5263142392927618
0.1603647528 3.526878378830254
0.1611422116 3.527441732582751
0.1619196704 3.528004332045102
0.1626971292 3.5285662080399645
0.163474588 3.529127390735537
0.1642520468 3.5296879096627416
0.16502950560000001 3.5302477937318693
0.1658069644 3.530807071248705
0.1665844232 3.5313657699301566
0.16736188200000002 3.5319239169193923
0.1681393408 3.5324815388005124
0.1689167996 3.5330386616127654
0.16969425840000002 3.5335953108643205
0.1704717172 3.5341515115456197
0.171249176 3.5347072881423083
0.1720266348 3.535262664647775
0.1728040936 3.5358176645752946
0.1735815524 3.536372310969802
0.1743590112 3.536926626419301
0.17513647000000002 3.537480633065916
0.1759139288 3.5380343526166085
0.1766913876 3.5385878063535565
0.1774688464 3.539141015144216
0.1782463052 3.53969399945107
0.179023764 3.540246779341077
0.1798012228 3.5407993744948203
0.1805786816 3.5413518042153846
0.1813561404 3.5419040874369454
0.1821335992 3.542456242733097
0.18291105800000002 3.5430082883249203
0.1836885168 3.5435602420887995
0.1844659756 3.5441121215639915
0.18524343440000002 3.5446639439599603
0.1860208932 3.5452157261634816
0.186798352 3.5457674847455203
0.18757581080000002 3.5463192359678963
0.1883532696 3.5468709957897344
0.1891307284 3.5474227798737106
0.18990818720000002 3.547974603592102
0.19068564600000001 3.5485264820326394
0.1914631048 3.5490784300041747
0.1922405636 3.5496304620421633
0.1930180224 3.5501825924139716
0.1937954812 3.550734835124011
0.19457294 3.551287203918701
0.1953503988 3.5518397122912746
0.1961278576 3.5523923734864202
0.1969053164 3.552945200504772
0.1976827752 3.553498206107249
0.198460234 3.5540514028192467
0.1992376928 3.5546048029346906
0.2000151516 3.5551584185199467
0.20079261040000002 3.5557122614175998
0.2015700692 3.5562663432501003
0.202347528 3.556820675423283
0.20312498680000002 3.557375269129764
0.2039024456 3.557930135352212
0.2046799044 3.558485284866504
0.20545736320000002 3.55904072824477
0.206234822 3.559596475858319
0.2070122808 3.5601525378804615
0.20778973960000002 3.560708924289223
0.20856719840000001 3.561265644869955
0.2093446572 3.5618227092178465
0.210122116 3.562380126740334
0.21089957480000002 3.5629379066594193
0.2116770336 3.563496058013892
0.2124544924 3.5640545896614624
0.2132319512 3.564613510280802
0.21400941 3.5651728283735054
0.2147868688 3.5657325522659566
0.2155643276 3.5662926901111254
0.2163417864 3.566853249890273
0.2171192452 3.5674142394145867
0.217896704 3.567975666326735
0.21867416280000002 3.568537538102347
0.2194516216 3.569099862051425
0.2202290804 3.569662645319679
0.22100653920000002 3.5702258948897976
0.221783998 3.570789617582649
0.2225614568 3.571353820058418
0.22333891560000002 3.571918508817676
0.2241163744 3.572483690202394
0.2248938332 3.5730493703968875
0.22567129200000002 3.5736155554287086
0.2264487508 3.574182251169476
0.2272262096 3.5747494633356496
0.22800366840000003 3.5753171974892513
0.2287811272 3.575885459038531
0.229558586 3.5764542532385795
0.2303360448 3.577023585191892
0.2311135036 3.5775934598488806
0.2318909624 3.57816388200834
0.2326684212 3.5787348563178645
0.23344588 3.5793063872742183
0.2342233388 3.5798784792236646
0.2350007976 3.5804511363622464
0.2357782564 3.5810243627360294
0.23655571520000002 3.5815981622413013
0.237333174 3.5821725386247305
0.2381106328 3.5827474954834866
0.23888809160000002 3.583323036265326
0.2396655504 3.583899164268633
0.2404430092 3.584475882642436
0.24122046800000002 3.585053194386377
0.2419979268 3.5856311023506597
0.2427753856 3.5862096092359548
0.24355284440000002 3.5867887175932798
0.2443303032 3.5873684298238455
0.245107762 3.5879487481788765
0.24588522080000003 3.588529674759398
0.2466626796 3.5891112115159993
0.2474401384 3.589693360248569
0.24821759720000003 3.5902761226060074
0.248995056 3.5908595000859065
0.2497725148 3.5914434940342184
0.2505499736 3.5920281056448897
0.2513274324 3.5926133359594825
0.2521048912 3.59319918586677
0.25288235000000003 3.5937856561023134
0.2536598088 3.594372747248021
0.2544372676 3.5949604597316895
0.2552147264 3.595548793826526
0.2559921852 3.5961377496506572
0.256769644 3.596727327166623
0.25754710280000004 3.5973175261808525
0.2583245616 3.5979083463431323
0.2591020204 3.59849978714606
0.2598794792 3.5990918479244836
0.260656938 3.599684527854938
0.2614343968 3.600277825955065
0.2622118556 3.6008717410830284
0.2629893144 3.6014662719369213
0.2637667732 3.602061417054167
0.264544232 3.602657174810915
0.2653216908 3.60325354342143
0.26609914960000003 3.603850520937482
0.2668766084 3.604448105247729
0.2676540672 3.6050462940771006
0.268431526 3.605645084986183
0.2692089848 3.6062444753706
0.2699864436 3.6068444624603986
0.27076390240000003 3.6074450433194376
0.2715413612 3.608046214844777
0.27231882 3.608647973766073
0.2730962788 3.6092503166449807
0.2738737376 3.60985323987456
0.2746511964 3.6104567396786926
0.27542865520000004 3.611060812111503
0.276206114 3.6116654530567947
0.2769835728 3.6122706582274935
0.2777610316 3.6128764231651034
0.2785384904 3.613482743239176
0.2793159492 3.6140896136467937
0.28009340800000004 3.614697029412068
0.2808708668 3.615304985385655
0.28164832559999997 3.6159134762442844
0.2824257844 3.6165224964903127
0.2832032432 3.617132040451292
0.28398070200000003 3.6177421022795593
0.28475816080000005 3.6183526759518507
0.2855356196 3.6189637552689367
0.2863130784 3.6195753338552796
0.2870905372 3.6201874051587195
0.287867996 3.620799962450187
0.28864545480000003 3.6214129988234394
0.2894229136 3.6220265071948297
0.2902003724 3.622640480303105
0.2909778312 3.623254910709234
0.29175529 3.6238697907962694
0.2925327488 3.624485112769242
0.29331020760000004 3.6251008686550916
0.2940876664 3.625717050302632
0.2948651252 3.6263336493825546
0.295642584 3.6269506573874697
0.2964200428 3.6275680656319884
0.2971975016 3.628185865252845
0.29797496040000004 3.628804047209063
0.2987524192 3.629422602282161
0.29952987799999997 3.6300415210764077
0.3003073368 3.63066079401912
0.3010847956 3.631280411361011
0.30186225440000003 3.631900363176583
0.30263971320000005 3.6325206393645746
0.303417172 3.6331412296484547
0.3041946308 3.6337621235769726
0.3049720896 3.63438331052476
0.3057495484 3.6350047796929856
0.30652700720000003 3.6356265201100726
0.307304466 3.6362485206324657
0.3080819248 3.636870769945463
0.3088593836 3.6374932565641047
0.3096368424 3.638115968834124
0.3104143012 3.6387388949329607
0.31119176000000004 3.6393620228708383
0.3119692188 3.6399853404919074
0.3127466776 3.6406088354754527
0.3135241364 3.6412324953371704
0.3143015952 3.6418563074305137
0.315079054 3.6424802589481073
0.31585651280000004 3.6431043369232334
0.3166339716 3.643728528231391
0.31741143039999997 3.6443528195919286
0.3181888892 3.6449771975697525
0.318966348 3.645601648577108
0.31974380680000003 3.646226158875442
0.32052126560000005 3.6468507145773406
0.3212987244 3.647475301648549
0.3220761832 3.648099905910069
0.322853642 3.6487245130403414
0.3236311008 3.6493491085775074
0.32440855960000003 3.649973677921758
0.3251860184 3.6505982063377655
0.3259634772 3.651222678957201
0.326740936 3.6518470807813403
0.3275183948 3.6524713966837568
0.3282958536 3.6530956114131024
0.32907331240000004 3.6537197095959804
0.3298507712 3.6543436757399057
0.33062823 3.6549674942363617
0.3314056888 3.6555911493639424
0.3321831476 3.656214625291595
0.3329606064 3.65683790608195
0.33373806520000004 3.657460975694753
0.334515524 3.658083817990384
0.3352929828 3.6587064167334793
0.3360704416 3.6593287555966474
0.3368479004 3.6599508181642806
0.33762535920000003 3.660572587936468
0.33840281800000005 3.6611940483330057
0.3391802768 3.6618151826975027
0.3399577356 3.662435974301591
0.3407351944 3.663056406349233
0.3415126532 3.663676461981128
0.34229011200000004 3.664296124279221
0.3430675708 3.66491537627131
0.3438450296 3.665534200935756
0.3446224884 3.6661525812062945
0.3453999472 3.666770499976944
0.346177406 3.6673879401070186
0.34695486480000004 3.6680048844262427
0.3477323236 3.6686213157399643
0.3485097824 3.6692372168344685
0.3492872412 3.6698525704823943
0.3500647 3.670467359448251
0.3508421588 3.6710815664940313
0.35161961760000005 3.67169517438493
0.3523970764 3.6723081658951555
0.3531745352 3.6729205238138447
0.353951994 3.6735322309510736
0.3547294528 3.674143270143967
0.35550691160000003 3.674753624262903
0.35628437040000005 3.675363276217813
0.3570618292 3.6759722089645805
0.357839288 3.676580405511531
0.3586167468 3.6771878489260135
0.3593942056 3.677794522341078
0.36017166440000004 3.6784004089622413
0.3609491232 3.679005492074342
0.361726582 3.679609755048486
0.3625040408 3.6802131813490764
0.3632814996 3.680815754540931
0.3640589584 3.6814174582964796
0.36483641720000004 3.6820182764030505
0.365613876 3.6826181927702293
0.3663913348 3.6832171914373024
0.3671687936 3.683815256580774
0.3679462524 3.684412372521959
0.3687237112 3.6850085237346475
0.36950117000000005 3.6856036948528423
0.3702786288 3.6861978706785603
0.3710560876 3.686791036189704
0.3718335464 3.6873831765479945
0.3726110052 3.687974277106964
0.37338846400000003 3.6885643234200107
0.37416592280000005 3.6891533012485045
0.3749433816 3.6897411965699494
0.3757208404 3.690327995586193
0.3764982992 3.690913684731686
0.377275758 3.6914982506817813
0.37805321680000004 3.6920816803610794
0.3788306756 3.692663960951806
0.3796081344 3.6932450799022285
0.3803855932 3.693825024935099
0.381163052 3.6944037840561275
0.3819405108 3.6949813455624785
0.38271796960000004 3.695557698051288
0.3834954284 3.6961328304281924
0.3842728872 3.6967067319158775
0.385050346 3.6972793920626303
0.3858278048 3.697850800750896
0.3866052636 3.6984209482058374
0.38738272240000005 3.698989825003889
0.3881601812 3.699557422081303
0.38893764 3.700123730742682
0.3897150988 3.7006887426695005
0.3904925576 3.701252449928595
0.39127001640000003 3.7018148449806363
0.39204747520000005 3.7023759206885685
0.392824934 3.7029356703260126
0.3936023928 3.7034940875856286
0.3943798516 3.704051166587437
0.3951573104 3.7046069018870833
0.39593476920000004 3.7051612884840552
0.396712228 3.705714321829834
0.3974896868 3.706265997835983
0.3982671456 3.7068163128821663
0.3990446044 3.7073652638240904
0.3998220632 3.7079128480013672
0.40059952200000004 3.708459063245287
0.4013769808 3.7090039078865042
0.4021544396 3.7095473807626225
0.4029318984 3.7100894812256806
0.4037093572 3.710630209149527
0.404486816 3.711169564937083
0.40526427480000005 3.7117075495274867
0.4060417336 3.7122441644031112
0.40681919240000003 3.712779411596453
0.4075966512 3.7133132936968845
0.40837411 3.7138458138572648
0.40915156880000003 3.714376975800403
0.4099290276 3.714906783825368
0.4107064864 3.7154352428136415
0.41148394520000003 3.715962358235105
0.412261404 3.716488136153855
0.4130388628 3.717012583233848
0.41381632160000004 3.7175357067443575
0.4145937804 3.71805751456525
0.4153712392 3.718578015192063
0.41614869800000004 3.7190972177408894
0.4169261568 3.7196151319530553
0.4177036156 3.7201317681995887
0.4184810744 3.720647137485476
0.4192585332 3.7211612514536956
0.420035992 3.721674122389026
0.4208134508 3.7221857632216273
0.4215909096 3.7226961875303792
0.4223683684 3.7232054095459857
0.4231458272 3.723713444153829
0.423923286 3.724220306896572
0.42470074480000003 3.724726013976507
0.4254782036 3.725230582257642
0.4262556624 3.7257340292675205
0.42703312120000003 3.7262363731987738
0.42781058 3.7267376329103934
0.4285880388 3.7272378279287297
0.42936549760000003 3.7277369784482044
0.4301429564 3.7282351053317333
0.4309204152 3.7287322301108627
0.43169787400000004 3.7292283749856043
0.4324753328 3.7297235628239758
0.4332527916 3.7302178171612335
0.43403025040000004 3.7307111621988045
0.4348077092 3.731203622802905
0.435585168 3.7316952245028476
0.4363626268 3.7321859934890305
0.4371400856 3.7326759566106142
0.4379175444 3.7331651413728713
0.4386950032 3.7336535759342158
0.439472462 3.7341412891029067
0.4402499208 3.7346283103334246
0.4410273796 3.735114669722518
0.4418048384 3.7356003980049204
0.44258229720000003 3.736085526548734
0.443359756 3.7365700873504797
0.4441372148 3.7370541130298163
0.44491467360000003 3.7375376368239217
0.4456921324 3.738020692581538
0.4464695912 3.7385033147566866
0.44724705000000003 3.7389855384020416
0.4480245088 3.739467399161971
0.4488019676 3.7399489332652442
0.44957942640000004 3.7404301775174047
0.4503568852 3.7409111692928083
0.451134344 3.7413919465263317
0.45191180280000004 3.741872547704751
0.4526892616 3.7423530118577926
0.4534667204 3.7428333785488532
0.4542441792 3.743313687865403
0.455021638 3.7437939804090616
0.4557990968 3.744274297285359
0.4565765556 3.7447546800931772
0.4573540144 3.745235170913887
0.45813147320000003 3.7457158123001664
0.458908932 3.746196647264521
0.4596863908 3.746677719267503
0.46046384960000003 3.7471590722056334
0.4612413084 3.7476407503990306
0.4620187672 3.7481227985787564
0.46279622600000003 3.7486052618738785
0.4635736848 3.7490881857982536
0.4643511436 3.7495716162370494
0.46512860240000004 3.750055599432991
0.4659060612 3.750540181972356
0.46668352 3.751025410770717
0.46746097880000004 3.751511333058436
0.4682384376 3.751997996365925
0.4690158964 3.752485448508667
0.46979335520000004 3.7529737375720233
0.470570814 3.753462911895815
0.4713482728 3.7539530200587037
0.47212573160000004 3.7544441108623623
0.4729031904 3.754936233315461
0.4736806492 3.755429436617464
0.474458108 3.755923770142251
0.4752355668 3.7564192834215717
0.47601302560000003 3.756916026128342
0.4767904844 3.757414048059787
0.4775679432 3.757913399120448
0.47834540200000003 3.758414129305055
0.4791228608 3.7589162886812764
0.4799003196 3.7594199273723587
0.48067777840000003 3.7599250955396606
0.4814552372 3.760431843365094
0.482232696 3.7609402210334815
0.48301015480000004 3.7614502787148405
0.4837876136 3.761962066546601
0.4845650724 3.7624756346157726
0.48534253120000004 3.762991032941063
0.48611999 3.763508311454967
0.4868974488 3.7640275199858255
0.48767490760000004 3.7645487082398774
0.4884523664 3.7650719257833005
0.4892298252 3.765597222024262
0.49000728400000004 3.7661246461949855
0.4907847428 3.7666542473338405
0.4915622016 3.7671860742674688
0.4923396604 3.7677201755929604
0.4931171192 3.768256599660077
0.49389457800000003 3.768795394553548
0.4946720368 3.769336608075435
0.4954494956 3.769880287727585
0.49622695440000003 3.7704264806941734
0.4970044132 3.7709752338243527
0.497781872 3.7715265936150097
0.49855933080000003 3.772080606193646
0.4993367896 3.7726373173013856
0.5001142484000001 3.773196772276124
0.5008917072000001 3.773759016035818
0.501669166 3.7743240930619373
0.5024466248 3.7748920473830725
0.5032240836 3.775462922558717
0.5040015424 3.776036761663228
0.5047790012 3.7766136072699683
0.50555646 3.7771935014356472
0.5063339188 3.7777764856848552
0.5071113776 3.7783626009948095
0.5078888364 3.778951887780309
0.5086662952000001 3.7795443858789097
0.5094437540000001 3.7801401345363246
0.5102212128 3.780739172392054
0.5109986716 3.7813415374652517
0.5117761304 3.781947267140829
0.5125535891999999 3.78255639815581
0.513331048 3.783168966585931
0.5141085068 3.7837850078324973
0.5148859656 3.7844045566094957
0.5156634244 3.7850276469309705
0.5164408832 3.785654312098664
0.517218342 3.7862845846899207
0.5179958008000001 3.78691849654587
0.5187732596000001 3.787556078759872
0.5195507184 3.788197361666244
0.5203281772 3.7888423748292626
0.521105636 3.789491147032442
0.5218830948 3.7901437062680925
0.5226605536 3.7908000797271564
0.5234380124 3.791460293789328
0.5242154712 3.79212437401345
0.52499293 3.792792345128194
0.5257703888 3.793464231023018
0.5265478476000001 3.7941400547394037
0.5273253064000001 3.794819838462373
0.5281027652 3.795503603512281
0.528880224 3.796191370336888
0.5296576828 3.7968831585036984
0.5304351415999999 3.7975789866925767
0.5312126004 3.798278872688634
0.5319900592 3.798982833375379
0.532767518 3.7996908847281334
0.5335449768 3.800403041807711
0.5343224356 3.801119318754353
0.5350998944 3.801839728781922
0.5358773532000001 3.8025642841723415
0.5366548120000001 3.80329299627029
0.5374322708 3.804025875478133
0.5382097296 3.804762931251098
0.5389871884 3.805504172092687
0.5397646472 3.806249605550313
0.540542106 3.806999238211172
0.5413195648 3.8077530756983284
0.5420970236 3.808511122667026
0.5428744824 3.809273382801205
0.5436519412 3.810039858810229
0.5444294000000001 3.8108105524258136
0.5452068588000001 3.811585464399155
0.5459843176 3.812364594498247
0.5467617764 3.8131479415053895
0.5475392352 3.8139355032148727
0.5483166939999999 3.814727276430847
0.5490941528 3.8155232569653568
0.5498716116 3.816323439636545
0.5506490704 3.817127818267019
0.5514265292 3.817936385682371
0.552203988 3.8187491337098525
0.5529814468 3.819566053177194
0.5537589056000001 3.820387133911568
0.5545363644000001 3.821212364738687
0.5553138232 3.822041733482037
0.556091282 3.822875226962239
0.5568687408 3.8237128309965316
0.5576461996 3.8245545303983786
0.5584236584 3.8254003089771884
0.5592011172 3.8262501495381502
0.559978576 3.8271040338821756
0.5607560348 3.827961942805948
0.5615334936 3.8288238561020767
0.5623109524000001 3.829689752559346
0.5630884112000001 3.83055960996307
0.56386587 3.8314334050955354
0.5646433288 3.8323111137365453
0.5654207876 3.833192710664048
0.5661982463999999 3.8340781696548665
0.5669757052 3.8349674634855084
0.567753164 3.835860563933075
0.5685306228 3.836757441776256
0.5693080816 3.837658066796412
0.5700855404 3.8385624077787592
0.5708629992 3.839470432513632
0.5716404580000001 3.8403821077978524
0.5724179168000001 3.841297399436188
0.5731953756 3.8422162722429145
0.5739728344 3.843138690043476
0.5747502932 3.8440646156762526
0.575527752 3.8449940109944385
0.5763052108 3.8459268368680353
0.5770826696 3.8468630531859613
0.5778601284 3.8478026188582906
0.5786375872 3.8487454918186206
0.579415046 3.8496916290265806
0.5801925048000001 3.8506409864704825
0.5809699636000001 3.8515935191701316
0.5817474224 3.8525491811797927
0.5825248812 3.853507925591334
0.58330234 3.8544697045375496
0.5840797987999999 3.855434469195675
0.5848572576 3.8564021697911075
0.5856347164 3.8573727556013377
0.5864121752 3.8583461749601144
0.587189634 3.859322375261845
0.5879670928 3.8603013029662523
0.5887445516 3.8612829036033016
0.5895220104000001 3.86226712177841
0.5902994692000001 3.863253901177954
0.591076928 3.8642431845750966
0.5918543868 3.8652349138359456
0.5926318456 3.866229029926061
0.5934093044 3.867225472917334
0.5941867632 3.8682241819952545
0.594964222 3.869225095466581
0.5957416808 3.870228150767446
0.5965191396 3.8712332844719057
0.5972965984 3.872240432300958
0.5980740572000001 3.8732495291320572
0.5988515160000001 3.8742605090091433
0.5996289748 3.875273305153203
0.6004064336 3.8762878499734015
0.6011838924 3.8773040750787904
0.6019613511999999 3.8783219112906355
0.60273881 3.879341288655372
0.6035162688 3.880362136458226
0.6042937276 3.881384383237518
0.6050711864 3.882407956799685
0.6058486452 3.8834327842350373
0.606626104 3.884458791934282
0.6074035628000001 3.885485905605843
0.6081810216000001 3.8865140502939948
0.6089584804 3.887543150397851
0.6097359392 3.8885731296912227
0.610513398 3.889603911343378
0.6112908568 3.8906354179407323
0.6120683156 3.891667571509497
0.6128457744 3.892700293539304
0.6136232332 3.893733505007846
0.614400692 3.8947671264065473
0.6151781508 3.895801077767302
0.6159556096000001 3.8968352786902885
0.6167330684000001 3.8978696483729065
0.6175105272 3.898904105639838
0.618287986 3.8999385689742754
0.6190654448 3.9009729565503215
0.6198429035999999 3.902007186266596
0.6206203624 3.903041175781064
0.6213978212 3.9040748425471
0.62217528 3.9051081038508144
0.6229527388 3.906140876849653
0.6237301976 3.907173078612285
0.6245076564 3.9082046261597942
0.6252851152000001 3.909235436508184
0.6260625740000001 3.9102654267122032
0.6268400328 3.9112945139105055
0.6276174916 3.9123226153721444
0.6283949504 3.913349648544406
0.6291724092 3.9143755311019826
0.629949868 3.9154001809974863
0.6307273268 3.916423516513296
0.6315047856 3.9174454563147316
0.6322822444 3.9184659195045466
0.6330597032 3.9194848256787287
0.6338371620000001 3.9205020949835854
0.6346146208000001 3.9215176481741043
0.6353920796 3.9225314066735617
0.6361695384 3.9235432926343554
0.6369469972 3.92455322900003
0.6377244559999999 3.9255611395684684
0.6385019148 3.9265669490562076
0.6392793736 3.9275705831638423
0.6400568324 3.92857196864247
0.6408342912 3.929571033361137
0.64161175 3.930567706375224
0.6423892088000001 3.9315619179957246
0.6431666676000001 3.9325535998593533
0.6439441264000001 3.933542684999422
0.6447215852 3.9345291079174167
0.645499044 3.935512804655201
0.6462765028 3.9364937128677746
0.6470539616 3.9374717718965093
0.6478314204 3.9384469228427705
0.6486088792 3.939419108641845
0.649386338 3.940388274137082
0.6501637968 3.9413543661541506
0.6509412556 3.9423173335753154
0.6517187144000001 3.9432771274136282
0.6524961732000001 3.9442337008869304
0.6532736320000001 3.945187009491555
0.6540510908 3.946137011075617
0.6548285496 3.947083665911774
0.6556060083999999 3.948026936769341
0.6563834672 3.9489667889856346
0.657160926 3.949903190536426
0.6579383848 3.95083611210537
0.6587158436 3.9517655271522885
0.6594933024 3.9526914119801706
0.6602707612000001 3.9536137458007623
0.6610482200000001 3.954532510798609
0.6618256788000001 3.955447692193412
0.6626031376000001 3.9563592783005723
0.6633805963999999 3.957267260589773
0.6641580551999999 3.9581716337414776
0.664935514 3.9590723957011864
0.6657129728 3.959969547731338
0.6664904316 3.9608630944607035
0.6672678904 3.9617530439311404
0.6680453492 3.962639407641577
0.668822808 3.963522200589093
0.6696002668000001 3.9644014413069626
0.6703777256000001 3.9652771518995333
0.6711551844000001 3.9661493580738196
0.6719326432000001 3.9670180891676794
0.6727101019999999 3.9678833781744616
0.6734875607999999 3.9687452617640044
0.6742650196 3.9696037802998743
0.6750424784 3.9704589778527346
0.6758199372 3.9713109022097437
0.676597396 3.97215960487988
0.6773748548 3.9730051410951046
0.6781523136000001 3.9738475698072673
0.6789297724000001 3.9746869536806755
0.6797072312000001 3.9755233590802517
0.6804846900000001 3.976356856055202
0.6812621487999999 3.977187518318132
0.6820396075999999 3.9780154232195613
0.6828170664 3.978840651717762
0.6835945252 3.9796632883439025
0.684371984 3.9804834211624383
0.6851494428 3.9813011417267266
0.6859269016 3.9821165450298404
0.6867043604 3.9829297294505603
0.6874818192000001 3.983740796694543
0.6882592780000001 3.9845498517306526
0.6890367368000001 3.985357002722474
0.6898141956000001 3.9861623609550074
0.6905916543999999 3.9869660407565743
0.6913691131999999 3.98776815941596
0.692146572 3.988568837094827
0.6929240308 3.989368196735445
0.6937014896 3.990166363963786
0.6944789484 3.990963466988049
0.6952564072 3.991759636492672
0.6960338660000001 3.992555005527912
0.6968113248000001 3.993349709395074
0.6975887836000001 3.994143885527471
0.6983662424000001 3.9949376733672213
0.6991437011999999 3.995731214237979
0.6999211599999999 3.996524651213712
0.7006986188 3.9973181289836437
0.7014760776 3.998111793713485
0.7022535364 3.9989057929030887
0.7030309952 3.9997002752406634
0.703808454 4.000495390453696
0.7045859128 4.001291289156729
0.7053633716000001 4.002088122696163
0.7061408304000001 4.002886042992239
0.7069182892000001 4.003685202378375
0.7076957480000001 4.004485753438044
0.7084732067999999 4.005287848839363
0.7092506655999999 4.006091641167602
0.7100281244 4.006897282755788
0.7108055832 4.007704925513625
0.711583042 4.008514720754931
0.7123605008 4.009326819023798
0.7131379596 4.0101413699197055
0.7139154184000001 4.010958521921803
0.7146928772000001 4.011778422212592
0.7154703360000001 4.012601216501238
0.7162477948000001 4.013427048846755
0.7170252535999999 4.014256061481293
0.7178027123999999 4.015088394633786
0.7185801712 4.015924186354194
0.71935763 4.016763572338608
0.7201350888 4.017606685755445
0.7209125476 4.018453657073022
0.7216900064 4.019304613888734
0.7224674652 4.0201596807601145
0.7232449240000001 4.021018979038037
0.7240223828000001 4.021882626702303
0.7247998416000001 4.022750738199898
0.7255773004000001 4.02362342428615
0.7263547591999999 4.02450079186907
0.7271322179999999 4.025382943857113
0.7279096768 4.026269979010628
0.7286871356 4.027161991797228
0.7294645944 4.028059072251342
0.7302420532 4.028961305838181
0.731019512 4.02986877332236
0.7317969708000001 4.030781550641395
0.7325744296000001 4.0316997087843065
0.7333518884000001 4.032623313675549
0.7341293472000001 4.033552426064458
0.7349068059999999 4.0344871014204235
0.7356842647999999 4.035427389833981
0.7364617236 4.036373335923987
0.7372391824 4.037324978751053
0.7380166412 4.038282351737393
0.7387941 4.039245482593231
0.7395715588 4.04021439324988
0.7403490176 4.041189099799635
0.7411264764000001 4.042169612442558
0.7419039352000001 4.043155935440264
0.7426813940000001 4.044148067076758
0.7434588528000001 4.045145999626399
0.7442363115999999 4.046149719329019
0.7450137703999999 4.047159206372235
0.7457912292 4.048174434880941
0.746568688 4.049195372914004
0.7473461468 4.050221982468101
0.7481236056 4.051254219488698
0.7489010644 4.052292033888074
0.7496785232000001 4.053335369570347
0.7504559820000001 4.054384164463394
0.7512334408000001 4.055438350557558
0.7520108996000001 4.056497853951042
0.7527883583999999 4.0575625949018175
0.7535658171999999 4.0586324878859354
0.754343276 4.059707441662035
0.7551207348 4.060787359341902
0.7558981936 4.061872138466863
0.7566756524 4.062961671089821
0.7574531112 4.064055843862713
0.75823057 4.065154538129167
0.7590080288000001 4.066257630022103
0.7597854876000001 4.0673649905660625
0.7605629464000001 4.068476485783981
0.7613404052000001 4.0695919768081685
0.7621178639999999 4.0707113199952145
0.7628953227999999 4.071834367044554
0.7636727816 4.072960965120411
0.7644502404 4.074090956976859
0.7652276992 4.07522418108569
0.766005158 4.076360471766846
0.7667826168 4.077499659321102
0.7675600756000001 4.078641570164741
0.7683375344000001 4.07978602696594
0.7691149932000001 4.080932848782595
0.7698924520000001 4.082081851201316
0.7706699108000001 4.083232846477337
0.7714473695999999 4.084385643675073
0.7722248284 4.085540048809098
0.7730022872 4.08669586498528
0.773779746 4.087852892541864
0.7745572048 4.089010929190273
0.7753346636 4.090169770155425
0.7761121224 4.091329208315361
0.7768895812000001 4.092489034340009
0.7776670400000001 4.0936490368289045
0.7784444988000001 4.094809002447717
0.7792219576000001 4.095968716063432
0.7799994163999999 4.097127960878056
0.7807768751999999 4.098286518560744
0.781554334 4.099444169378233
0.7823317928 4.1006006923235025
0.7831092516 4.101755865242597
0.7838867104 4.1029094649595566
0.7846641692 4.1040612673994055
0.7854416280000001 4.1052110477092
0.7862190868000001 4.10635858037711
0.7869965456000001 4.107503639349551
0.7877740044000001 4.108645998146402
0.7885514632000001 4.109785429974335
0.7893289219999999 4.110921707838326
0.7901063808 4.112054604651425
0.7908838396 4.113183893342845
0.7916612984 4.114309346964525
0.7924387572 4.115430738796224
0.793216216 4.116547842449331
0.7939936748 4.117660431969507
0.7947711336000001 4.118768281938323
0.7955485924000001 4.119871167574082
0.7963260512000001 4.120968864831998
0.7971035100000001 4.122061150503929
0.7978809687999999 4.123147802317878
0.7986584275999999 4.124228599037496
0.7994358864 4.125303320561788
0.8002133452 4.126371748025303
0.800990804 4.127433663899021
0.8017682628 4.128488852092239
0.8025457216 4.12953709805568
0.8033231804000001 4.130578188886145
0.8041006392000001 4.1316119134329625
0.8048780980000001 4.13263806240654
0.8056555568000001 4.133656428489308
0.8064330156000001 4.13466680644936
0.8072104743999999 4.135668993257092
0.8079879332 4.136662788205153
0.808765392 4.137647993032011
0.8095428508 4.138624412049451
0.8103203096 4.139591852274318
0.8110977684 4.140550123564814
0.8118752272 4.141499038761658
0.8126526860000001 4.142438413834435
0.8134301448000001 4.143368068033396
0.8142076036000001 4.144287824047071
0.8149850624000001 4.14519750816592
0.8157625211999999 4.1460969504523675
0.8165399799999999 4.14698598491746
0.8173174388 4.147864449704429
0.8180948976 4.148732187279407
0.8188723564 4.149589044629558
0.8196498152 4.150434873468817
0.820427274 4.151269530451491
0.8212047328000001 4.152092877393874
0.8219821916000001 4.15290478150408
0.8227596504000001 4.153705115620234
0.8235371092000001 4.154493758457145
0.8243145680000001 4.155270594861565
0.8250920267999999 4.156035516076126
0.8258694856 4.156788420011961
0.8266469444 4.157529211530067
0.8274244032 4.158257802731355
0.828201862 4.158974113255344
0.8289793208 4.159678070587404
0.8297567796 4.1603696103743975
0.8305342384000001 4.161048676748562
0.8313116972000001 4.161715222659386
0.8320891560000001 4.162369210213217
0.8328666148000001 4.163010611020281
0.8336440735999999 4.163639406548734
0.8344215323999999 4.164255588485318
0.8351989912 4.16485915910214
0.83597645 4.16545013162904
0.8367539088 4.166028530630929
0.8375313676 4.1665943923894595
0.8383088264 4.167147765288285
0.8390862852000001 4.167688710201139
0.8398637440000001 4.168217300881869
0.8406412028000001 4.1687336243555215
0.8414186616000001 4.16923778130949
0.8421961204000001 4.169729886483684
0.8429735791999999 4.1702100690586095
0.843751038 4.1706784730401765
0.8445284968 4.17113525764001
0.8453059556 4.171580597649951
0.8460834144 4.172014683809385
0.8468608732 4.17243772316399
0.847638332 4.17284993941442
0.8484157908000001 4.1732515732533955
0.8491932496000001 4.173642882689627
0.8499707084000001 4.174024143356957
0.8507481672000001 4.1743956488070415
0.8515256259999999 4.1747577107838945
0.8523030847999999 4.175110659478557
0.8530805436 4.175454843762142
0.8538580024 4.175790631395494
0.8546354612 4.176118409213679
0.85541292 4.176438583283526
0.8561903788 4.176751579032447
0.8569678376000001 4.177057841346773
0.8577452964000001 4.177357834637844
0.8585227552000001 4.17765204287417
0.8593002140000001 4.177940969577955
0.8600776728000001 4.1782251377843735
0.8608551315999999 4.178505089962008
0.8616325904 4.178781387892949
0.8624100492 4.179054612511101
0.863187508 4.179325363697353
0.8639649668 4.179594260030317
0.8647424256 4.17986193849149
0.8655198844 4.1801290541237375
0.8662973432000001 4.180396279642173
0.8670748020000001 4.180664304996561
0.8678522608000001 4.180933836884546
0.8686297196000001 4.181205598215123
0.8694071783999999 4.1814803275218875
0.8701846371999999 4.181758778325749
0.870962096 4.182041718446959
0.8717395548 4.182329929266396
0.8725170136 4.182624204936259
0.8732944724 4.182925351540415
0.8740719312 4.183234186204833
0.8748493900000001 4.183551536158664
0.8756268488000001 4.183878237746686
0.8764043076000001 4.184215135393972
0.8771817664000001 4.184563080523782
0.8779592252000001 4.18492293042985
0.8787366839999999 4.185295547104318
0.8795141428 4.185681796022783
0.8802916016 4.1860825448879755
0.8810690604 4.186498662333811
0.8818465192 4.186931016591578
0.882623978 4.187380474120254
0.8834014368 4.187847898202992
0.8841788956000001 4.188334147511973
0.8849563544000001 4.188840074643937
0.8857338132000001 4.189366524628813
0.8865112720000001 4.189914333413982
0.8872887307999999 4.190484326326856
0.8880661895999999 4.1910773165185295
0.8888436484 4.191694103391403
0.8896211072 4.192335471013807
0.890398566 4.193002186524754
0.8911760248 4.193694998532079
0.8919534836 4.194414635507388
0.8927309424000001 4.195161804181306
0.8935084012000001 4.195937187942707
0.8942858600000001 4.196741445245726
0.8950633188000001 4.197575208028472
0.8958407776000001 4.198439080147556
0.8966182363999999 4.199333635832632
0.8973956952 4.200259418165347
0.898173154 4.20121693758719
0.8989506128 4.202206670440929
0.8997280716 4.203229057550391
0.9005055304 4.204284502843525
0.9012829892 4.205373372023783
0.9020604480000001 4.206495991294945
0.9028379068000001 4.20765264614464
0.9036153656000001 4.208843580191851
0.9043928244000001 4.210068994103759
0.9051702831999999 4.211329044587298
0.905947742 4.212623843460807
0.9067252008 4.213953456811078
0.9075026596 4.215317904241106
0.9082801184 4.216717158213645
0.9090575772 4.218151143495608
0.909835036 4.219619736708086
0.9106124948000001 4.2211227659865616
0.9113899536000001 4.22266001075559
0.9121674124000001 4.2242312016218815
0.9129448712000001 4.225836020389338
0.9137223300000001 4.227474100199163
0.9144997887999999 4.229145025797671
0.9152772476 4.23084833393392
0.9160547064 4.2325835138886765
0.9168321652 4.234350008135652
0.917609624 4.236147213135266
0.9183870828 4.237974480260517
0.9191645416 4.239831116853849
0.9199420004000001 4.241716387413129
0.9207194592000001 4.243629514904143
0.9214969180000001 4.245569682196226
0.9222743768000001 4.247536033616924
0.9230518355999999 4.249527676620781
0.9238292944 4.251543683566678
0.9246067532 4.25358309359736
0.925384212 4.2556449146141775
0.9261616708 4.257728125339381
0.9269391296 4.259831677457716
0.9277165884 4.261954497828546
0.9284940472000001 4.264095490759219
0.9292715060000001 4.26625354033
0.9300489648000001 4.268427512760513
0.9308264236000001 4.270616258807413
0.9316038824000001 4.272818616182768
0.9323813411999999 4.275033411982545
0.9331588 4.277259465114563
