0.0 3.2926617967417693
0.001 3.2972045962614946
0.002 3.301691495974068
0.003 3.3061267879272123
0.004 3.3105128080534465
0.005 3.3148509277580755
0.006 3.319141485972302
0.007 3.32338468788854
0.008 3.3275810274884425
0.009000000000000001 3.3317310302911025
0.01 3.3358351672827564
0.011 3.3398938948384718
0.012 3.343907664435352
0.013000000000000001 3.3478769495856033
0.014 3.3518023132327577
0.015 3.355684320891138
0.016 3.3595232560927486
0.017 3.3633192318656655
0.018000000000000002 3.3670731522304034
0.019 3.370786984684787
0.02 3.374460816355926
0.021 3.3780896508045863
0.022 3.381666349912628
0.023 3.385174873844724
0.024 3.3885957728405556
0.025 3.391914463227125
0.026000000000000002 3.395120237393059
0.027 3.3982042845535427
0.028 3.4011604213816855
0.029 3.4039837239872894
0.03 3.4066726571304784
0.031 3.409228904272505
0.032 3.4116523913408536
0.033 3.413938866268186
0.034 3.416082100606994
0.035 3.4180752596727513
0.036000000000000004 3.419909644456654
0.037 3.4215762468153983
0.038 3.423066756368417
0.039 3.4243746182493617
0.04 3.425493441697087
0.041 3.4264210315220556
0.042 3.4271811500470752
0.043000000000000003 3.427807394676931
0.044 3.4283337482041953
0.045 3.428789110416912
0.046 3.429196074296169
0.047 3.429575480173818
0.048 3.4299502839646134
0.049 3.430332232064993
0.05 3.4307184515596307
0.051000000000000004 3.431106490509357
0.052000000000000005 3.4314973426711046
0.053 3.4318909199989207
0.054 3.4322874155752707
0.055 3.4326869466098
0.056 3.4330896514298437
0.057 3.433495665370484
0.058 3.4339051228387487
0.059000000000000004 3.434318158474877
0.06 3.4347349089500874
0.061 3.4351555095526867
0.062 3.435580094808849
0.063 3.436008803542212
0.064 3.4364417692681104
0.065 3.436879131335766
0.066 3.4373210264790766
0.067 3.437767590521533
0.068 3.4382189634312175
0.069 3.438675282710485
0.07 3.4391366855982395
0.07100000000000001 3.439603311979116
0.07200000000000001 3.440075302200533
0.073 3.4405527936250624
0.074 3.4410359266480333
0.075 3.441524844624999
0.076 3.4420196842586317
0.077 3.4425205891505897
0.078 3.4430277007512133
0.079 3.4435411590873963
0.08 3.444061111831924
0.081 3.4445876967961797
0.082 3.4451210597946207
0.083 3.445661347176617
0.084 3.4462086950204673
0.085 3.4467629976935004
0.08600000000000001 3.4473218479516694
0.08700000000000001 3.447881720805551
0.088 3.4484416494731875
0.089 3.4490021836672797
0.09 3.4495633126746847
0.091 3.4501249149491255
0.092 3.450687042224169
0.093 3.4512496644447603
0.094 3.451812770320019
0.095 3.4523763530970824
0.096 3.4529403980848317
0.097 3.4535048950339164
0.098 3.454069832033062
0.099 3.4546351976150826
0.1 3.4552009806308734
0.101 3.4557671704614124
0.10200000000000001 3.4563337536328325
0.10300000000000001 3.4569007207150135
0.10400000000000001 3.457468060503098
0.105 3.458035759545254
0.106 3.458603807690446
0.107 3.4591721934948483
0.108 3.459740905504255
0.109 3.4603099327024753
0.11 3.4608792625677047
0.111 3.4614488829585985
0.112 3.462018788691026
0.113 3.4625889484401258
0.114 3.463159414312812
0.115 3.463730004981602
0.116 3.4643011871096823
0.117 3.4648779808344594
0.11800000000000001 3.465470580010337
0.11900000000000001 3.4660875758069642
0.12 3.466728555594291
0.121 3.46739041371122
0.122 3.4680729589378996
0.123 3.4687757653779987
0.124 3.4694979016453447
0.125 3.4702386120948
0.126 3.4709971895514182
0.127 3.471772873071764
0.128 3.4725649002655397
0.129 3.473372515285948
0.13 3.47419495624921
0.131 3.4750314566713567
0.132 3.4758812472432936
0.133 3.476743556715596
0.134 3.4776176112857544
0.135 3.4785026327147093
0.136 3.479397840541532
0.137 3.4803024530511797
0.138 3.4812156860333454
0.139 3.4821367519256174
0.14 3.4830648615297743
0.14100000000000001 3.4839992251391876
0.14200000000000002 3.4849390510219007
0.14300000000000002 3.4858835420965164
0.14400000000000002 3.4868319045564156
0.145 3.487783356893316
0.146 3.4887370600543703
0.147 3.489692222732373
0.148 3.490648270709951
0.149 3.4916049735441743
0.15 3.492562362081099
0.151 3.49352047109719
0.152 3.494479286103936
0.153 3.4954388164987304
0.154 3.496399072250312
0.155 3.4973600575523975
0.156 3.498321778012592
0.157 3.4992842401887474
0.158 3.500247450522299
0.159 3.5012114154949723
0.16 3.5021761416028454
0.161 3.503141634983255
0.162 3.5041079011011877
0.163 3.5050749464964266
0.164 3.5060427780448657
0.165 3.5070114023720484
0.166 3.507980825417344
0.167 3.5089510527935333
0.168 3.5099220908410373
0.169 3.510893946006691
0.17 3.5118666248790573
0.171 3.512840133893806
0.17200000000000001 3.51381447920291
0.17300000000000001 3.5147896672005716
0.17400000000000002 3.5157657038982983
0.17500000000000002 3.5167425922236455
0.176 3.5177203293870565
0.177 3.518698908042233
0.178 3.5196783195202226
0.179 3.520658557808293
0.18 3.5216396154085543
0.181 3.5226214835113483
0.182 3.523604154542923
0.183 3.524587623650024
0.184 3.5255718829730687
0.185 3.526556923580783
0.186 3.5275427375178308
0.187 3.528529318874065
0.188 3.5295166610692914
0.189 3.530504755547213
0.19 3.5314935944925736
0.191 3.532483171607913
0.192 3.533473479286243
0.193 3.534464509344372
0.194 3.5354562554386506
0.195 3.5364487106466993
0.196 3.5374418662508362
0.197 3.5384357141464204
0.198 3.5394302478445203
0.199 3.5404254614535473
0.2 3.541421346328811
0.201 3.5424178951313845
0.202 3.543415100371955
0.203 3.544412953936921
0.20400000000000001 3.5454114494499356
0.20500000000000002 3.5464105798000682
0.20600000000000002 3.5474103372156893
0.20700000000000002 3.548410714254309
0.20800000000000002 3.54941170326352
0.209 3.5504132965238595
0.21 3.5514154871670294
0.211 3.5524182683859236
0.212 3.5534216322300214
0.213 3.5544255704831045
0.214 3.5554300757739234
0.215 3.5564351415955753
0.216 3.557440761215204
0.217 3.5584469267128513
0.218 3.559453628453066
0.219 3.560460857815719
0.22 3.5614686210550373
0.221 3.5624768981860706
0.222 3.5634855954466103
0.223 3.5644944607995277
0.224 3.565503139405407
0.225 3.5665113008183247
0.226 3.5675186186111194
0.227 3.5685247212822695
0.228 3.5695291577897663
0.229 3.570531450599493
0.23 3.5715311173765047
0.231 3.5725277654399044
0.232 3.5735211329984335
0.233 3.5745109728256055
0.234 3.575496990859273
0.23500000000000001 3.5764788743071834
0.23600000000000002 3.577456322297512
0.23700000000000002 3.578429043374294
0.23800000000000002 3.579396744545874
0.23900000000000002 3.580359129735066
0.24 3.581315903054975
0.241 3.5822667709444906
0.242 3.583211440967966
0.243 3.5841496197137506
0.244 3.585081014370469
0.245 3.5860053335348194
0.246 3.5869222862931505
0.247 3.587831582248814
0.248 3.588732931727527
0.249 3.5896260456510642
0.25 3.590510635783656
0.251 3.5913864149442
0.252 3.5922530967539394
0.253 3.5931103953567742
0.254 3.593958025645769
0.255 3.5947957036145057
0.256 3.595623146146842
0.257 3.5964400711338973
0.258 3.597246197848306
0.259 3.5980412459252613
0.26 3.598824935669131
0.261 3.599596989293343
0.262 3.6003571299638195
0.263 3.6011050815286705
0.264 3.6018405693552586
0.265 3.602563319754815
0.266 3.60327305989887
0.267 3.6039695187062497
0.268 3.6046524264790376
0.269 3.6053215142111448
0.27 3.6059765139837183
0.271 3.606617159284
0.272 3.607243185826908
0.273 3.6078543299735504
0.274 3.608450323950815
0.275 3.609030912964941
0.276 3.6095958580686043
0.277 3.6101448465861408
0.278 3.6106775920515704
0.279 3.611194144357199
0.28 3.6116939895725295
0.281 3.6121756936541622
0.28200000000000003 3.612642085018736
0.28300000000000003 3.6130990072846423
0.28400000000000003 3.613552582891418
0.28500000000000003 3.6140063140924945
0.28600000000000003 3.6144594116192437
0.28700000000000003 3.6149111736757207
0.28800000000000003 3.6153619485145545
0.289 3.6158118369992676
0.29 3.616260760410339
0.291 3.6167087364320873
0.292 3.61715581145322
0.293 3.6176020146829457
0.294 3.618047378062614
0.295 3.618491938138198
0.296 3.618935728569684
0.297 3.6193787820361845
0.298 3.6198211325939473
0.299 3.620262814350533
0.3 3.620703860848745
0.301 3.6211443057890462
0.302 3.6215841833508997
0.303 3.6220235273593144
0.304 3.622462371214262
0.305 3.622900748905145
0.306 3.6233386943872308
0.307 3.6237762411518712
0.308 3.624213422842223
0.309 3.624650273175505
0.31 3.625086825717159
0.311 3.6255231142324544
0.312 3.6259591728280562
0.313 3.6263950352754666
0.314 3.626830734666427
0.315 3.627266304565184
0.316 3.6277017795022486
0.317 3.6281371935179605
0.318 3.628572579830786
0.319 3.629007971602224
0.32 3.629443402336391
0.321 3.6298789062604757
0.322 3.630314517437034
0.323 3.6307502689720987
0.324 3.631186194408859
0.325 3.6316223279842186
0.326 3.6320587035911966
0.327 3.6324953549199823
0.328 3.632932315536026
0.329 3.6333696188520355
0.33 3.633807298564205
0.331 3.6342453887472397
0.332 3.6346839232775614
0.333 3.6351229354624364
0.334 3.6355624588549826
0.335 3.6360025278486043
0.336 3.6364431765343106
0.337 3.636884438276744
0.338 3.637326346701258
0.339 3.6377689357111076
0.34 3.6382122392386975
0.341 3.6386562912421785
0.342 3.639101125786398
0.343 3.639546776684294
0.34400000000000003 3.639993277269828
0.34500000000000003 3.6404406614729865
0.34600000000000003 3.640888963719621
0.34700000000000003 3.6413382180220286
0.34800000000000003 3.6417884582993585
0.34900000000000003 3.642239718523672
0.35000000000000003 3.6426920325705603
0.35100000000000003 3.643145434457003
0.352 3.6435999580964378
0.353 3.6440556373665616
0.354 3.6445125067722457
0.355 3.644970600794278
0.356 3.645429953170056
0.357 3.645890597850066
0.358 3.6463525692995935
0.359 3.646815901939251
0.36 3.6472806300166267
0.361 3.6477467877298797
0.362 3.6482144091358473
0.363 3.648683528019491
0.364 3.64915417881817
0.365 3.6496263967673364
0.366 3.65010021645725
0.367 3.650575671999951
0.368 3.6510527977542098
0.369 3.651531628175469
0.37 3.6520121977171804
0.371 3.6524945409679317
0.372 3.652978692656884
0.373 3.6534646873135395
0.374 3.6539525594552953
0.375 3.6544423443228533
0.376 3.6549340771221837
0.377 3.6554277919117353
0.378 3.6559235226316322
0.379 3.6564213046352245
0.38 3.6569211751409316
0.381 3.657423161080894
0.382 3.6579272451301934
0.383 3.6584333979311103
0.384 3.6589415880304297
0.385 3.6594517834190157
0.386 3.659963952728671
0.387 3.660478064173553
0.388 3.6609940856103202
0.389 3.6615119851916944
0.39 3.6620317312318895
0.391 3.662553291906208
0.392 3.663076634978193
0.393 3.6636017280398825
0.394 3.664128539439724
0.395 3.6646570378534644
0.396 3.665187190922689
0.397 3.6657189659982947
0.398 3.666252331137708
0.399 3.666787254536063
0.4 3.667323704026023
0.401 3.6678616471562027
0.402 3.6684010515023493
0.403 3.6689418844734263
0.404 3.6694841137180063
0.405 3.670027707576132
0.406 3.6705726339319518
0.40700000000000003 3.6711188599994897
0.40800000000000003 3.6716663532259832
0.40900000000000003 3.6722150813047314
0.41000000000000003 3.672765011809485
0.41100000000000003 3.673316112320528
0.41200000000000003 3.673868350354824
0.41300000000000003 3.674421692878264
0.41400000000000003 3.6749761067944777
0.41500000000000004 3.6755315601773653
0.41600000000000004 3.6760880215100697
0.417 3.676645457951874
0.418 3.677203836185717
0.419 3.6777631235475976
0.42 3.6783232875678067
0.421 3.678884295699877
0.422 3.6794461151052946
0.423 3.680008712801086
0.424 3.6805720564162407
0.425 3.6811361134671543
0.426 3.681700850957455
0.427 3.6822662362960883
0.428 3.6828322370735402
0.429 3.6833988203400794
0.43 3.683965952996763
0.431 3.68453360242664
0.432 3.685101736060426
0.433 3.685670320807629
0.434 3.68623932383911
0.435 3.686808712953998
0.436 3.687378455369065
0.437 3.6879485178186884
0.438 3.6885188675917346
0.439 3.6890894721751324
0.44 3.6896602987383362
0.441 3.6902313143986496
0.442 3.690802486543647
0.443 3.691373782205277
0.444 3.69194516818715
0.445 3.6925166126273
0.446 3.69308808303342
0.447 3.6936595437546083
0.448 3.6942309643010005
0.449 3.6948023212074608
0.45 3.6953735619544203
0.451 3.695944634988796
0.452 3.6965156124547067
0.453 3.697086447115388
0.454 3.6976566422379227
0.455 3.698226702720919
0.456 3.69879804190369
0.457 3.69936737995972
0.458 3.6999277153070795
0.459 3.700478064366615
0.46 3.70102037333554
0.461 3.7015561462890916
0.462 3.7020865117643673
0.463 3.7026131726251683
0.464 3.7031393607033984
0.465 3.7036686591900034
0.466 3.704203735455836
0.467 3.704746490472217
0.468 3.705297235801964
0.46900000000000003 3.70585533254281
0.47000000000000003 3.70642047041128
0.47100000000000003 3.7069927553832467
0.47200000000000003 3.707572271916193
0.47300000000000003 3.708158930410107
0.47400000000000003 3.708752611377396
0.47500000000000003 3.709353247225967
0.47600000000000003 3.709960797775557
0.47700000000000004 3.7105752116989783
0.47800000000000004 3.711196423889978
0.47900000000000004 3.711824369029107
0.48 3.7124589845466605
0.481 3.713100209566882
0.482 3.713747982689133
0.483 3.7144022415960087
0.484 3.7150629225160547
0.485 3.715729961107679
0.486 3.7164032935172293
0.487 3.717082856260159
0.488 3.7177685852166866
0.489 3.7184604151190124
0.49 3.719158280186111
0.491 3.7198621146788264
0.492 3.7205718529447314
0.493 3.7212874291018774
0.494 3.722008776704536
0.495 3.7227358285490544
0.496 3.723468516806613
0.497 3.7242067737885014
0.498 3.724950531821883
0.499 3.7256997229956172
0.5 3.7264542785438244
0.501 3.727214129325846
0.502 3.7279792059775003
0.503 3.7287494392969744
0.504 3.7295247596362637
0.505 3.7303050965971423
0.506 3.7310903795532413
0.507 3.731880538331049
0.508 3.732675501702025
0.509 3.7334751949164584
0.51 3.7342795411922403
0.511 3.735088461896082
0.512 3.7359018768217105
0.513 3.7367197058534307
0.514 3.737541869015683
0.515 3.738368286451622
0.516 3.7391988780117695
0.517 3.7400335629093573
0.518 3.740872259476829
0.519 3.7417148859389098
0.52 3.7425613605056824
0.521 3.743411601245792
0.522 3.744265526044517
0.523 3.7451230525498245
0.524 3.7459840979747816
0.525 3.7468485794146886
0.526 3.7477164137664394
0.527 3.748587517268794
0.528 3.7494618057927314
0.529 3.7503391954919794
0.53 3.7512196026801785
0.531 3.7521029431028508
0.532 3.752989132072457
0.533 3.753878084750144
0.534 3.7547697159939286
0.535 3.755663940345275
0.536 3.7565606721016196
0.537 3.757459825893748
0.538 3.758361316623319
0.539 3.7592650588814918
0.54 3.7601709661007128
0.541 3.761078951355034
0.542 3.761988928110695
0.543 3.7629008100753474
0.544 3.763814510596794
0.545 3.7647299428234113
0.546 3.76564701997363
0.547 3.766565655166807
0.548 3.7674857611540777
0.549 3.76840725039256
0.55 3.769330035392029
0.551 3.770254028471912
0.552 3.7711791417769005
0.553 3.7721052879396635
0.554 3.7730323798480367
0.555 3.773960328921865
0.556 3.774889044658095
0.557 3.775818440085438
0.558 3.7767484346922275
0.559 3.7776789618429905
0.56 3.7786100042522914
0.561 3.779541557804925
0.562 3.7804736149630034
0.5630000000000001 3.781406166613175
0.5640000000000001 3.7823392037734687
0.5650000000000001 3.7832727174861205
0.5660000000000001 3.784206698794662
0.5670000000000001 3.7851411390665044
0.5680000000000001 3.786076029978571
0.5690000000000001 3.787011363299089
0.5700000000000001 3.787947130424238
0.5710000000000001 3.7888833222668836
0.5720000000000001 3.7898199298321575
0.5730000000000001 3.7907569447065286
0.5740000000000001 3.791694358790731
0.5750000000000001 3.792632163561212
0.5760000000000001 3.793570349923291
0.577 3.794508908869852
0.578 3.795447831836729
0.579 3.796387110486583
0.58 3.797326736114673
0.581 3.798266699750056
0.582 3.7992069926149603
0.583 3.800147606084461
0.584 3.801088531595457
0.585 3.802029760592236
0.586 3.802971284486302
0.587 3.803913094425878
0.588 3.804855181377089
0.589 3.8057975364413856
0.59 3.8067401510710512
0.591 3.8076830169814366
0.592 3.808626125621607
0.593 3.8095694678998373
0.594 3.8105130346307363
0.595 3.811456817088356
0.596 3.812400806986857
0.597 3.813344995924687
0.598 3.8142893751529496
0.599 3.8152339355440295
0.6 3.8161786676812564
0.601 3.8171235627244267
0.602 3.81806861286713
0.603 3.819013810213414
0.604 3.8199591454517576
0.605 3.8209046087828002
0.606 3.8218501912155523
0.607 3.8227958843905623
0.608 3.8237416802837334
0.609 3.8246875714504927
0.61 3.8256335475845957
0.611 3.8265795974515746
0.612 3.8275256947699288
0.613 3.8284717819650385
0.614 3.829417788053589
0.615 3.830363647104719
0.616 3.8313092944552527
0.617 3.8322546648406557
0.618 3.8331996922409783
0.619 3.8341443105498203
0.62 3.8350884537607994
0.621 3.836032056197903
0.622 3.836975052264012
0.623 3.8379173761573515
0.624 3.838858962137346
0.625 3.8397997445405387
0.626 3.8407396578329225
0.627 3.841678636567642
0.628 3.8426166156368566
0.629 3.8435535299831125
0.63 3.844489314066986
0.631 3.8454239020986063
0.632 3.846357228800403
0.633 3.847289229504374
0.634 3.8482198395013825
0.635 3.8491489938318564
0.636 3.850076627579967
0.637 3.8510026759933123
0.638 3.8519270745658476
0.639 3.852849758832584
0.64 3.85377066414186
0.641 3.854689725992095
0.642 3.855606880547937
0.643 3.856522064165849
0.644 3.8574352126767
0.645 3.8583462618246616
0.646 3.8592551481153805
0.647 3.8601618083398623
0.648 3.861066179089533
0.649 3.8619681969425192
0.65 3.8628677988547855
0.651 3.8637649218118946
0.652 3.864659502849062
0.653 3.865551479489983
0.654 3.8664407894740376
0.655 3.8673273703344493
0.656 3.868211159568115
0.657 3.8690920952494907
0.658 3.869970115798692
0.659 3.8708451594726316
0.66 3.8717171646810216
0.661 3.8725860703591124
0.662 3.8734518159090356
0.663 3.8743143403445828
0.664 3.8751735823167235
0.665 3.876029480898209
0.666 3.8768819761480193
0.667 3.877731008392374
0.668 3.8785765177105445
0.669 3.8794184440395023
0.67 3.8802567277856195
0.671 3.8810913099802207
0.672 3.881922131840674
0.673 3.8827491342846416
0.674 3.8835722584227392
0.675 3.8843914465675344
0.676 3.8852066410367803
0.677 3.8860177815175345
0.678 3.886824807355656
0.679 3.8876276678236197
0.68 3.8884263198017335
0.681 3.889220693102949
0.682 3.8900106770117526
0.683 3.890796224378254
0.684 3.891577460857827
0.685 3.8923544103432026
0.686 3.893126473886633
0.687 3.893892971019122
0.6880000000000001 3.8946552156000127
0.6890000000000001 3.8954157795742104
0.6900000000000001 3.896177263484532
0.6910000000000001 3.8969422257898243
0.6920000000000001 3.8977117458480626
0.6930000000000001 3.898485309926513
0.6940000000000001 3.8992626460605107
0.6950000000000001 3.9000438776360093
0.6960000000000001 3.9008290403885373
0.6970000000000001 3.901618070626451
0.6980000000000001 3.9024109303606616
0.6990000000000001 3.90320760671687
0.7000000000000001 3.9040080789283516
0.7010000000000001 3.904812319714481
0.7020000000000001 3.9056203041519586
0.7030000000000001 3.9064320089147757
0.704 3.907247409627453
0.705 3.908066481087455
0.706 3.9088891986124974
0.707 3.909715538074836
0.708 3.910545474805984
0.709 3.911378983708949
0.71 3.9122160396712125
0.711 3.9130566174620056
0.712 3.9139006917198964
0.713 3.914748237169623
0.714 3.915599228604127
0.715 3.9164536406329717
0.716 3.9173114477899755
0.717 3.9181726244110338
0.718 3.9190371441914365
0.719 3.919904981029606
0.72 3.9207761096578624
0.721 3.9216505045529555
0.722 3.922528138940201
0.723 3.9234089859460353
0.724 3.924293019528937
0.725 3.9251802138849388
0.726 3.926070542828887
0.727 3.926963979320997
0.728 3.927860495697628
0.729 3.928760065128376
0.73 3.929662662367889
0.731 3.930568262823672
0.732 3.9314768383164553
0.733 3.9323883554068497
0.734 3.9333027812172503
0.735 3.934220095269261
0.736 3.9351402960125568
0.737 3.936063371997232
0.738 3.9369892536733406
0.739 3.937917811074497
0.74 3.9388489465397942
0.741 3.9397827961948253
0.742 3.9407195880310426
0.743 3.941659533480918
0.744 3.9426031698788675
0.745 3.9435512721612795
0.746 3.944504419277948
0.747 3.945463160256063
0.748 3.9464280653678805
0.749 3.9473996936300426
0.75 3.948378607436746
0.751 3.949365368022847
0.752 3.950360535996918
0.753 3.951364672306555
0.754 3.952378339950035
0.755 3.9534021018360326
0.756 3.9544365212486414
0.757 3.9554821646843235
0.758 3.9565395983303646
0.759 3.9576093931959417
0.76 3.958692119746447
0.761 3.9597883534120473
0.762 3.9608986727597486
0.763 3.9620236572421947
0.764 3.9631638919439176
0.765 3.9643199656877806
0.766 3.965492474128861
0.767 3.966682008782168
0.768 3.9678891859716097
0.769 3.9691144906062763
0.77 3.970358184287136
0.771 3.9716204581942858
0.772 3.9729015225203437
0.773 3.974201584810858
0.774 3.9755208605759798
0.775 3.9768595711338257
0.776 3.978217939458088
0.777 3.9795961983446584
0.778 3.980994581484614
0.779 3.9824133319114914
0.78 3.9838526971147057
0.781 3.985312930391288
0.782 3.986794292167127
0.783 3.988297048402567
0.784 3.9898214736088864
0.785 3.991367847373343
0.786 3.992936454304748
0.787 3.9945276035835096
0.788 3.9961415452241056
0.789 3.9977787693698357
0.79 3.9994379922355385
0.791 4.001114360750233
0.792 4.002801492875821
0.793 4.004493214587143
0.794 4.006183249789675
0.795 4.007865343796219
0.796 4.009533258405607
0.797 4.011180807982818
0.798 4.01280188656131
0.799 4.0143904808337405
0.8 4.0159407067530655
0.801 4.017446851849311
0.802 4.018903204181717
0.803 4.020306698395491
0.804 4.021663915587107
0.805 4.022984585511589
0.806 4.024277181561949
0.807 4.02554526161345
0.808 4.026789759113071
0.809 4.0280115489344706
0.81 4.029211522908515
0.811 4.030390527955499
0.812 4.031549391041642
0.8130000000000001 4.032688915148121
0.8140000000000001 4.033809882154311
0.8150000000000001 4.034913056860745
0.8160000000000001 4.035999188332231
0.8170000000000001 4.03706900977781
0.8180000000000001 4.038123244445623
0.8190000000000001 4.039162601609778
0.8200000000000001 4.040187783574421
0.8210000000000001 4.041199487122015
0.8220000000000001 4.04219840204537
0.8230000000000001 4.043185216097948
0.8240000000000001 4.044160616726459
0.8250000000000001 4.045125281960946
0.8260000000000001 4.046079918470648
0.8270000000000001 4.047025172337064
0.8280000000000001 4.047962394739256
0.8290000000000001 4.048893926007988
0.8300000000000001 4.049822579110762
0.8310000000000001 4.050749623754625
0.8320000000000001 4.0516745608666
0.833 4.052597157321417
0.834 4.053517694131708
0.835 4.0544362339762
0.836 4.055352794142318
0.837 4.056267447772661
0.838 4.057180263146562
0.839 4.0580912979449
0.84 4.059000614145105
0.841 4.059908275024164
0.842 4.060814341909122
0.843 4.061718875868308
0.844 4.062621937711703
0.845 4.063523588799372
0.846 4.0644238913380075
0.847 4.065322907015281
0.848 4.066220696437426
0.849 4.067117319915494
0.85 4.068012838629476
0.851 4.068907314099642
0.852 4.069800807108074
0.853 4.070693378094877
0.854 4.0715850878636015
0.855 4.0724759974879365
0.856 4.073366167362685
0.857 4.07425565707148
0.858 4.07514452772148
0.859 4.07603284134122
0.86 4.076920657627462
0.861 4.0778080359439635
0.862 4.078695037435456
0.863 4.079581722702093
0.864 4.08046815138527
0.865 4.0813543837665724
0.866 4.082240481030518
0.867 4.0831265035062065
0.868 4.084012510616513
0.869 4.084898562863263
0.87 4.085784721223632
0.871 4.086671045972515
0.872 4.087557597036739
0.873 4.088444433496613
0.874 4.08933161461382
0.875 4.090219205184934
0.876 4.0911072714106576
0.877 4.091995857422792
0.878 4.092885000935591
0.879 4.093774826700787
0.88 4.094665477650169
0.881 4.095556753697387
0.882 4.0964484259415945
0.883 4.097341628834263
0.884 4.098237409125892
0.885 4.099132168407714
0.886 4.100020502172255
0.887 4.100896870212642
0.888 4.1017590370483195
0.889 4.1026076042475434
0.89 4.1034429478412235
0.891 4.104265134065322
0.892 4.1050744518628255
0.893 4.105871127565865
0.894 4.106655374755258
0.895 4.107427416948047
0.896 4.108187471591521
0.897 4.108935752210996
0.898 4.10967247008317
0.899 4.110397834840516
0.9 4.111112052772052
0.901 4.111815326496929
0.902 4.112507857531674
0.903 4.113189846116932
0.904 4.113861488568976
0.905 4.114522978096446
0.906 4.115174507006745
0.907 4.115816266234629
0.908 4.116448444313157
0.909 4.117071227546071
0.91 4.117684799027477
0.911 4.118289340591132
0.912 4.118885034269644
0.913 4.119472059254869
0.914 4.120050591597308
0.915 4.12062080654825
0.916 4.121182878561307
0.917 4.121736981090565
0.918 4.122283285102438
0.919 4.122821959204561
0.92 4.123353171614233
0.921 4.123877089443998
0.922 4.124393878788004
0.923 4.124903704483049
0.924 4.125406729665492
0.925 4.125903115474065
0.926 4.126393022242406
0.927 4.126876610662396
0.928 4.127354044542476
0.929 4.127825480374857
0.93 4.12829105236773
0.931 4.128750954136738
0.932 4.129205483813161
0.933 4.129655055989886
0.934 4.130100163172564
0.935 4.130541269544939
0.936 4.130978833141718
0.937 4.131413318625692
0.9380000000000001 4.131845188488635
0.9390000000000001 4.132274903024916
0.9400000000000001 4.132702923480204
0.9410000000000001 4.133129711782798
0.9420000000000001 4.133555728769156
0.9430000000000001 4.1339814351755875
0.9440000000000001 4.134407292195683
0.9450000000000001 4.134833761201443
0.9460000000000001 4.1352613046670905
0.9470000000000001 4.135690386187396
0.9480000000000001 4.136121469566763
0.9490000000000001 4.136555018689403
0.9500000000000001 4.136991499492484
0.9510000000000001 4.137431380391218
0.9520000000000001 4.1378751299131205
0.9530000000000001 4.138323217482555
0.9540000000000001 4.138776116035617
0.9550000000000001 4.139234300743562
0.9560000000000001 4.139698247635902
0.9570000000000001 4.1401684345404135
0.9580000000000001 4.140645341900018
0.9590000000000001 4.141129453834981
0.96 4.141621257611268
0.961 4.142121243156913
0.962 4.142629902393278
0.963 4.143147729844245
0.964 4.143675226427067
0.965 4.144212896528777
0.966 4.144761245578091
0.967 4.145320784664164
0.968 4.145892030026016
0.969 4.146475500944951
0.97 4.147071722448611
0.971 4.147681226546319
0.972 4.148304543504642
0.973 4.1489422084759955
0.974 4.149594791357297
0.975 4.150262841050485
0.976 4.1509467574396375
0.977 4.151646628718033
0.978 4.152362163012149
0.979 4.153093114385453
0.98 4.15383925524282
0.981 4.154600337272765
0.982 4.155376108437296
0.983 4.1561663165739
0.984 4.156970707210587
0.985 4.157789021518225
0.986 4.158620995878724
0.987 4.159466364330089
0.988 4.160324859434731
0.989 4.161196210546731
0.99 4.16208014296487
0.991 4.162976378844836
0.992 4.163884637721478
0.993 4.164804637052718
0.994 4.165736092049012
0.995 4.1666787137965855
0.996 4.167632210263722
0.997 4.168596288860849
0.998 4.169570654168046
0.999 4.170555006721421
1.0 4.17154904532266
