0 2.6
0.001 2.605335827
0.002 2.609372654
0.003 2.613308981
0.004 2.617245308
0.005 2.621181635
0.006 2.625416962
0.007 2.629819789
0.008 2.633990616
0.009 2.637926943
0.01 2.64186327
0.011 2.645799597
0.012 2.649735924
0.013 2.653672251
0.014 2.657608578
0.015 2.661544905
0.016 2.665481232
0.017 2.669417559
0.018 2.674147886
0.019 2.678290213
0.02 2.68222654
0.021 2.686162867
0.022 2.690099194
0.023 2.694035521
0.024 2.697971848
0.025 2.701908175
0.026 2.705844502
0.027 2.709876329
0.028 2.714217156
0.029 2.718181983
0.03 2.72258481
0.031 2.726526137
0.032 2.730462464
0.033 2.734398791
0.034 2.738335118
0.035 2.742271445
0.036 2.746207772
0.037 2.750144099
0.038 2.754080426
0.039 2.758210253
0.04 2.76256796
0.041 2.76678408
0.042 2.770825734
0.043 2.774762061
0.044 2.778698388
0.045 2.782634715
0.046 2.786571042
0.047 2.790507369
0.048 2.794443696
0.049 2.798738523
0.05 2.80281635
0.051 2.806752677
0.052 2.810689004
0.053 2.814625331
0.054 2.818752658
0.055 2.822997985
0.056 2.826934312
0.057 2.830870639
0.058 2.834806966
0.059 2.838743293
0.06 2.84267962
0.061 2.846615947
0.062 2.850749392
0.063 2.854929594
0.064 2.858924928
0.065 2.862861255
0.066 2.866797582
0.067 2.870989409
0.068 2.875170236
0.069 2.879106563
0.07 2.88304289
0.071 2.886979217
0.072 2.890915544
0.073 2.894851871
0.074 2.898796388
0.075 2.90291465
0.076 2.907132792
0.077 2.911097179
0.078 2.915033506
0.079 2.918969833
0.08 2.92322616
0.081 2.927342487
0.082 2.931278814
0.083 2.935215141
0.084 2.939151468
0.085 2.943087795
0.086 2.947024122
0.087 2.950960449
0.088 2.954948776
0.089 2.959333103
0.09 2.96326943
0.091 2.967205757
0.092 2.971142084
0.093 2.975078411
0.094 2.979365738
0.095 2.983451065
0.096 2.987387392
0.097 2.991323719
0.098 2.995260046
0.099 2.999196373
0.1 3.0031327
0.101 3.007069027
0.102 3.011005354
0.103 3.014941681
0.104 3.018886744
0.105 3.02307778
0.106 3.027227508
0.107 3.031186989
0.108 3.035123316
0.109 3.039059643
0.11 3.04299597
0.111 3.047085433
0.112 3.051253712
0.113 3.055304951
0.114 3.059241278
0.115 3.063177605
0.116 3.067113932
0.117 3.071050259
0.118 3.074986586
0.119 3.078922913
0.12 3.08285924
0.121 3.086795567
0.122 3.090731894
0.123 3.094668221
0.124 3.098604548
0.125 3.102540875
0.126 3.106477202
0.127 3.110659029
0.128 3.115061856
0.129 3.119286183
0.13 3.12322251
0.131 3.127158837
0.132 3.131095164
0.133 3.135031491
0.134 3.138967818
0.135 3.142904145
0.136 3.146840472
0.137 3.150776799
0.138 3.154713126
0.139 3.158649453
0.14 3.16258578
0.141 3.166522107
0.142 3.170701434
0.143 3.174894761
0.144 3.178831088
0.145 3.182767415
0.146 3.186703742
0.147 3.190640069
0.148 3.194576396
0.149 3.198512723
0.15 3.20244905
0.151 3.206385377
0.152 3.210729704
0.153 3.214758031
0.154 3.218694358
0.155 3.222630685
0.156 3.226567012
0.157 3.230503339
0.158 3.234439666
0.159 3.238549493
0.16 3.24281232
0.161 3.246748647
0.162 3.250684974
0.163 3.254621301
0.164 3.258557628
0.165 3.262493955
0.166 3.266430282
0.167 3.270366609
0.168 3.274302936
0.169 3.278239263
0.17 3.28217559
0.171 3.286111917
0.172 3.290048244
0.173 3.293984571
0.174 3.297920898
0.175 3.301857225
0.176 3.305897552
0.177 3.310295162
0.178 3.314631944
0.179 3.318602533
0.18 3.32253886
0.181 3.326475187
0.182 3.330411514
0.183 3.334347841
0.184 3.338284168
0.185 3.342220495
0.186 3.346156822
0.187 3.350093149
0.188 3.354029476
0.189 3.357965803
0.19 3.36190213
0.191 3.365838457
0.192 3.369774784
0.193 3.373711111
0.194 3.377647438
0.195 3.381583765
0.196 3.385520092
0.197 3.389456419
0.198 3.393392746
0.199 3.396995573
0.2 3.4004654
0.201 3.403970405
0.202 3.407440298
0.203 3.410874881
0.204 3.414344708
0.205 3.417682035
0.206 3.420618735
0.207 3.423328543
0.208 3.426163464
0.209 3.428998385
0.21 3.431368305
0.211 3.433787211
0.212 3.43651508
0.213 3.438973566
0.214 3.441341987
0.215 3.443710407
0.216 3.446058236
0.217 3.448260959
0.218 3.450401418
0.219 3.452684089
0.22 3.45492251
0.221 3.456803973
0.222 3.458632699
0.223 3.460591244
0.224 3.462034128
0.225 3.463853488
0.226 3.464858
0.227 3.465919142
0.228 3.466768712
0.229 3.467657
0.23 3.46859
0.231 3.4692615
0.232 3.469956
0.233 3.470652877
0.234 3.471088454
0.235 3.4716275
0.236 3.472094
0.237 3.4725605
0.238 3.473027
0.239 3.4734935
0.24 3.47435744
0.241 3.474490004
0.242 3.475123298
0.243 3.475441833
0.244 3.475926408
0.245 3.47635641
0.246 3.47668389
0.247 3.477145895
0.248 3.477884
0.249 3.478817
0.25 3.479694625
0.251 3.480319034
0.252 3.480574182
0.253 3.481157165
0.254 3.481493511
0.255 3.4819575
0.256 3.482424
0.257 3.4828905
0.258 3.483357
0.259 3.4838235
0.26 3.48458
0.261 3.485513
0.262 3.486446
0.263 3.487252604
0.264 3.487770552
0.265 3.4881225
0.266 3.488589
0.267 3.4890555
0.268 3.489541052
0.269 3.490411541
0.27 3.49049397
0.271 3.4909215
0.272 3.491388
0.273 3.4918545
0.274 3.492401571
0.275 3.492840837
0.276 3.493508
0.277 3.494106281
0.278 3.494524866
0.279 3.4951535
0.28 3.49570556
0.281 3.49642198
0.282 3.49681609
0.283 3.497539
0.284 3.498472
0.285 3.498962002
0.286 3.499839701
0.287 3.500771
0.288 3.501704
0.289 3.502637
0.29 3.50357
0.291 3.504553803
0.292 3.505615044
0.293 3.506627045
0.294 3.507606909
0.295 3.508754152
0.296 3.509819808
0.297 3.511101
0.298 3.512051
0.299 3.5134505
0.3 3.5144
0.301 3.515809476
0.302 3.516879747
0.303 3.517852411
0.304 3.518837448
0.305 3.519917735
0.306 3.521111585
0.307 3.522306104
0.308 3.523364
0.309 3.524297
0.31 3.52523
0.311 3.526163
0.312 3.527097104
0.313 3.528045966
0.314 3.529154837
0.315 3.530291005
0.316 3.531728068
0.317 3.532761
0.318 3.533694
0.319 3.534659918
0.32 3.53571358
0.321 3.536857631
0.322 3.538078508
0.323 3.539230821
0.324 3.540351582
0.325 3.541690125
0.326 3.542658
0.327 3.543591
0.328 3.544524
0.329 3.545457
0.33 3.54639
0.331 3.547354274
0.332 3.548430458
0.333 3.549531865
0.334 3.550758915
0.335 3.551547067
0.336 3.552511032
0.337 3.553601699
0.338 3.554342795
0.339 3.555233549
0.34 3.55619972
0.341 3.557153
0.342 3.558086
0.343 3.559013376
0.344 3.559670208
0.345 3.56040846
0.346 3.561318
0.347 3.562433868
0.348 3.56355233
0.349 3.564280158
0.35 3.56505
0.351 3.565983
0.352 3.566769568
0.353 3.567445348
0.354 3.568423
0.355 3.569715
0.356 3.570574
0.357 3.571081
0.358 3.572009338
0.359 3.572631649
0.36 3.57314088
0.361 3.573851428
0.362 3.574746
0.363 3.5753395
0.364 3.576112
0.365 3.5767725
0.366 3.577475371
0.367 3.578202261
0.368 3.578844
0.369 3.579777
0.37 3.58071
0.371 3.581518447
0.372 3.581707926
0.373 3.582676846
0.374 3.583645767
0.375 3.584346937
0.376 3.584892192
0.377 3.585741
0.378 3.58691664
0.379 3.587990369
0.38 3.58868929
0.381 3.589439799
0.382 3.590406
0.383 3.5911695
0.384 3.591772
0.385 3.592731547
0.386 3.593703813
0.387 3.594241733
0.388 3.595211674
0.389 3.596418509
0.39 3.596935
0.391 3.597803
0.392 3.598736
0.393 3.599271614
0.394 3.599763588
0.395 3.600535
0.396 3.601234
0.397 3.6017005
0.398 3.602167
0.399 3.6026335
0.4 3.6032
0.401 3.604133
0.402 3.605054285
0.403 3.605821677
0.404 3.60645393
0.405 3.607365
0.406 3.608298
0.407 3.6088655
0.408 3.609332
0.409 3.6097985
0.41 3.610265
0.411 3.6107315
0.412 3.611062766
0.413 3.611435353
0.414 3.612131
0.415 3.6125975
0.416 3.613064
0.417 3.6135305
0.418 3.613997
0.419 3.6144635
0.42 3.61493
0.421 3.6153965
0.422 3.616226
0.423 3.6168295
0.424 3.617296
0.425 3.6177625
0.426 3.618229
0.427 3.6186955
0.428 3.619162
0.429 3.619569004
0.43 3.619812485
0.431 3.6200615
0.432 3.620528
0.433 3.6209945
0.434 3.621922
0.435 3.62202736
0.436 3.622794784
0.437 3.6233605
0.438 3.623827
0.439 3.6242935
0.44 3.62476
0.441 3.6252265
0.442 3.625886
0.443 3.626819
0.444 3.627560354
0.445 3.627880192
0.446 3.628533158
0.447 3.628817669
0.448 3.629488496
0.449 3.6299585
0.45 3.630425
0.451 3.6308915
0.452 3.631358
0.453 3.6318245
0.454 3.632291
0.455 3.632637247
0.456 3.632871108
0.457 3.6331905
0.458 3.633596712
0.459 3.633855424
0.46 3.63409
0.461 3.6345565
0.462 3.635023
0.463 3.6354895
0.464 3.635956
0.465 3.6364225
0.466 3.636889
0.467 3.6373555
0.468 3.637822
0.469 3.6382885
0.47 3.638755
0.471 3.6392215
0.472 3.639688
0.473 3.6401545
0.474 3.640621
0.475 3.641167913
0.476 3.641963874
0.477 3.642041
0.478 3.642974
0.479 3.643121538
0.48 3.64386144
0.481 3.644192863
0.482 3.644779353
0.483 3.645233235
0.484 3.64572822
0.485 3.646498183
0.486 3.646992413
0.487 3.647371
0.488 3.648304
0.489 3.649068374
0.49 3.649409455
0.491 3.650103
0.492 3.651036
0.493 3.651969
0.494 3.652087043
0.495 3.652850922
0.496 3.653768
0.497 3.654701
0.498 3.655518929
0.499 3.65592141
0.5 3.6565
0.501 3.6572165
0.502 3.657683
0.503 3.658299
0.504 3.659116
0.505 3.6595825
0.506 3.660098
0.507 3.661016306
0.508 3.661507064
0.509 3.661951178
0.51 3.662415
0.511 3.6628815
0.512 3.663094656
0.513 3.663679456
0.514 3.664562
0.515 3.665321997
0.516 3.665800086
0.517 3.666146385
0.518 3.666580283
0.519 3.667227
0.52 3.66800952
0.521 3.668146966
0.522 3.669026
0.523 3.669959
0.524 3.670892
0.525 3.671822525
0.526 3.671999274
0.527 3.672592878
0.528 3.672946608
0.529 3.673400483
0.53 3.67385669
0.531 3.67424534
0.532 3.67472952
0.533 3.675271949
0.534 3.675954098
0.535 3.676155
0.536 3.677088
0.537 3.678021
0.538 3.678954
0.539 3.679360565
0.54 3.67989317
0.541 3.680364075
0.542 3.680837819
0.543 3.6813095
0.544 3.681776
0.545 3.682381938
0.546 3.682876325
0.547 3.683351
0.548 3.684071852
0.549 3.684415099
0.55 3.6851035
0.551 3.68571573
0.552 3.686016
0.553 3.686949
0.554 3.687882
0.555 3.6884075
0.556 3.688874
0.557 3.689681
0.558 3.690084732
0.559 3.690609514
0.56 3.69124
0.561 3.6917065
0.562 3.692346
0.563 3.693102393
0.564 3.693501196
0.565 3.694145
0.566 3.695034788
0.567 3.695452094
0.568 3.695968976
0.569 3.696877
0.57 3.697049815
0.571 3.697758805
0.572 3.698662818
0.573 3.699100168
0.574 3.699623066
0.575 3.700475
0.576 3.70111934
0.577 3.701533757
0.578 3.702274
0.579 3.703154008
0.58 3.70377984
0.581 3.704073
0.582 3.705006
0.583 3.705939
0.584 3.706436
0.585 3.7069025
0.586 3.707738
0.587 3.708671
0.588 3.709130464
0.589 3.709637008
0.59 3.71047
0.591 3.711403
0.592 3.712168
0.593 3.7126345
0.594 3.713202
0.595 3.714135
0.596 3.715042976
0.597 3.715632868
0.598 3.716442712
0.599 3.717021067
0.6 3.7178202
0.601 3.718733
0.602 3.719355977
0.603 3.720112835
0.604 3.720922142
0.605 3.721776402
0.606 3.722597864
0.607 3.723331
0.608 3.724264
0.609 3.725157206
0.61 3.72588926
0.611 3.726563
0.612 3.727496
0.613 3.728429
0.614 3.72905168
0.615 3.729965607
0.616 3.730776552
0.617 3.731661
0.618 3.732594
0.619 3.733486157
0.62 3.73441815
0.621 3.735307916
0.622 3.736168343
0.623 3.73714025
0.624 3.737871156
0.625 3.738971875
0.626 3.740039788
0.627 3.740679826
0.628 3.741776782
0.629 3.74283791
0.63 3.74379
0.631 3.744723
0.632 3.745656
0.633 3.746589
0.634 3.747522
0.635 3.748455
0.636 3.749508474
0.637 3.750689441
0.638 3.751874286
0.639 3.753187
0.64 3.7541239
0.641 3.755110277
0.642 3.756479455
0.643 3.757419
0.644 3.758963736
0.645 3.760033222
0.646 3.761461663
0.647 3.762628315
0.648 3.763756864
0.649 3.765130696
0.65 3.766625775
0.651 3.768012263
0.652 3.769368538
0.653 3.770887018
0.654 3.772269724
0.655 3.773663412
0.656 3.775148804
0.657 3.77688465
0.658 3.77836412
0.659 3.779988179
0.66 3.78161654
0.661 3.783398906
0.662 3.785196183
0.663 3.786712339
0.664 3.788183416
0.665 3.789891942
0.666 3.791756
0.667 3.793622
0.668 3.795421022
0.669 3.797039586
0.67 3.79872
0.671 3.800575981
0.672 3.802224592
0.673 3.803842297
0.674 3.805684
0.675 3.807273325
0.676 3.80886784
0.677 3.810204056
0.678 3.811720207
0.679 3.813270133
0.68 3.81468252
0.681 3.816076429
0.682 3.817490824
0.683 3.818937644
0.684 3.820246476
0.685 3.821568082
0.686 3.822768159
0.687 3.823962865
0.688 3.825332948
0.689 3.826332843
0.69 3.827557595
0.691 3.828614813
0.692 3.829927792
0.693 3.831069
0.694 3.832015805
0.695 3.833082777
0.696 3.834252592
0.697 3.835467577
0.698 3.836734
0.699 3.837667
0.7 3.83861405
0.701 3.839679457
0.702 3.840780863
0.703 3.841880921
0.704 3.842832
0.705 3.843765
0.706 3.845042812
0.707 3.846263189
0.708 3.847438868
0.709 3.848497
0.71 3.84943
0.711 3.850363
0.712 3.851333296
0.713 3.852440646
0.714 3.853703958
0.715 3.854857657
0.716 3.855826578
0.717 3.856795498
0.718 3.857902095
0.719 3.859004773
0.72 3.86010618
0.721 3.861159077
0.722 3.862143841
0.723 3.863109021
0.724 3.8641328
0.725 3.865386375
0.726 3.866724464
0.727 3.867791
0.728 3.868724
0.729 3.869659198
0.73 3.870620245
0.731 3.871730277
0.732 3.873181558
0.733 3.874284351
0.734 3.875267147
0.735 3.87624324
0.736 3.877254736
0.737 3.87833009
0.738 3.879513489
0.739 3.880611749
0.74 3.88171381
0.741 3.882853
0.742 3.88383748
0.743 3.88496908
0.744 3.886152
0.745 3.887116917
0.746 3.888394193
0.747 3.889363113
0.748 3.890446954
0.749 3.891740597
0.75 3.89275
0.751 3.893729444
0.752 3.894707716
0.753 3.895676636
0.754 3.89703911
0.755 3.898415
0.756 3.899348
0.757 3.900281
0.758 3.901214
0.759 3.902275772
0.76 3.90396592
0.761 3.905013
0.762 3.905946
0.763 3.906879
0.764 3.90807184
0.765 3.909228155
0.766 3.910529558
0.767 3.911611
0.768 3.912550528
0.769 3.913575099
0.77 3.914676505
0.771 3.91586229
0.772 3.917086126
0.773 3.918080858
0.774 3.91915549
0.775 3.920200375
0.776 3.921508
0.777 3.922441
0.778 3.923811
0.779 3.924807
0.78 3.92574
0.781 3.9270095
0.782 3.928217807
0.783 3.929244251
0.784 3.930316776
0.785 3.931555695
0.786 3.9327718
0.787 3.933771
0.788 3.934788762
0.789 3.936074488
0.79 3.937161855
0.791 3.938306092
0.792 3.93942336
0.793 3.940369
0.794 3.941388616
0.795 3.942738797
0.796 3.944050638
0.797 3.945101
0.798 3.946034
0.799 3.947222449
0.8 3.9485346
0.801 3.949676922
0.802 3.950766
0.803 3.951699
0.804 3.952698
0.805 3.9540975
0.806 3.955497
0.807 3.956431
0.808 3.957528592
0.809 3.958631359
0.81 3.959830585
0.811 3.961057013
0.812 3.962096
0.813 3.963078197
0.814 3.964399883
0.815 3.965749707
0.816 3.966746016
0.817 3.967843215
0.818 3.969044017
0.819 3.970186572
0.82 3.97156
0.821 3.972493
0.822 3.973460262
0.823 3.974920419
0.824 3.975969992
0.825 3.977195563
0.826 3.978355269
0.827 3.979492431
0.828 3.98070216
0.829 3.981814594
0.83 3.983003475
0.831 3.984310137
0.832 3.985256
0.833 3.986287753
0.834 3.987702755
0.835 3.989055
0.836 3.989988
0.837 3.991057308
0.838 3.992243682
0.839 3.993606778
0.84 3.994699
0.841 3.995850206
0.842 3.99718393
0.843 3.998426167
0.844 3.999452
0.845 4.00056364
0.846 4.001950699
0.847 4.00324688
0.848 4.004206264
0.849 4.005263623
0.85 4.006423
0.851 4.00797178
0.852 4.008916
0.853 4.010270953
0.854 4.011672346
0.855 4.012715
0.856 4.013850824
0.857 4.01521936
0.858 4.016452278
0.859 4.017447
0.86 4.01857
0.861 4.0199695
0.862 4.021246
0.863 4.022192694
0.864 4.02325262
0.865 4.024709795
0.866 4.025970278
0.867 4.027018498
0.868 4.028507646
0.869 4.029724483
0.87 4.030823245
0.871 4.031918561
0.872 4.033249216
0.873 4.034571292
0.874 4.035722781
0.875 4.036988437
0.876 4.038308
0.877 4.039342943
0.878 4.040636411
0.879 4.041794003
0.88 4.04305858
0.881 4.044424958
0.882 4.045642753
0.883 4.046636301
0.884 4.048113198
0.885 4.049205
0.886 4.050405322
0.887 4.051821751
0.888 4.053004
0.889 4.0541555
0.89 4.055555
0.891 4.056803
0.892 4.0577714
0.893 4.05896265
0.894 4.060602
0.895 4.061561495
0.896 4.063200776
0.897 4.064376943
0.898 4.065334
0.899 4.066942727
0.9 4.0681643
0.901 4.069133
0.902 4.070349
0.903 4.0717485
0.904 4.073120136
0.905 4.074364922
0.906 4.075525624
0.907 4.076841187
0.908 4.078182082
0.909 4.079350932
0.91 4.080545
0.911 4.0819445
0.912 4.083203328
0.913 4.084302153
0.914 4.085643
0.915 4.087013657
0.916 4.08837695
0.917 4.089546234
0.918 4.090758963
0.919 4.092124487
0.92 4.09339036
0.921 4.094641042
0.922 4.096089389
0.923 4.097201373
0.924 4.098395622
0.925 4.09970325
0.926 4.10094414
0.927 4.102092366
0.928 4.103622268
0.929 4.104737681
0.93 4.105874575
0.931 4.107346847
0.932 4.108627446
0.933 4.10985442
0.934 4.111198314
0.935 4.11241535
0.936 4.113618848
0.937 4.115016352
0.938 4.116257226
0.939 4.117616928
0.94 4.11887712
0.941 4.120422168
0.942 4.121386
0.943 4.12269533
0.944 4.124117956
0.945 4.125210002
0.946 4.126734493
0.947 4.128039775
0.948 4.129220192
0.949 4.130618504
0.95 4.13191895
0.951 4.133141451
0.952 4.134546248
0.953 4.135772858
0.954 4.137113406
0.955 4.138401247
0.956 4.139536242
0.957 4.140833341
0.958 4.142219779
0.959 4.14362012
0.96 4.14473134
0.961 4.146255218
0.962 4.147546
0.963 4.148744366
0.964 4.150149752
0.965 4.15142228
0.966 4.152663935
0.967 4.154163828
0.968 4.155644
0.969 4.156643836
0.97 4.15837932
0.971 4.159435476
0.972 4.160644932
0.973 4.162176637
0.974 4.163366656
0.975 4.164644387
0.976 4.165974516
0.977 4.167324811
0.978 4.16876788
0.979 4.17018166
0.98 4.17142534
0.981 4.172686298
0.982 4.174106399
0.983 4.175304932
0.984 4.176642056
0.985 4.178478135
0.986 4.179436326
0.987 4.181097414
0.988 4.182283122
0.989 4.183694068
0.99 4.185294535
0.991 4.186553574
0.992 4.187927548
0.993 4.189325895
0.994 4.190603
0.995 4.19211841
0.996 4.19377815
0.997 4.195195781
0.998 4.196316215
0.999 4.197564579
1 4.199
