0.0 2.496788574
0.001 2.6276666981448824
0.002 2.683216452632098
0.003 2.7263971687367556
0.004 2.7631803945087987
0.005 2.7958786260521546
0.006 2.8256799883579875
0.007 2.8532934566203325
0.008 2.8791804976422117
0.009000000000000001 2.9036611610724523
0.01 2.92696352863769
0.011 2.9490905246097707
0.012 2.969887236183596
0.013000000000000001 2.989313456586037
0.014 3.0074158542834635
0.015 3.0242866170770406
0.016 3.040034885020789
0.017 3.0547708282099
0.018000000000000002 3.068598061362832
0.019 3.081610607940065
0.02 3.0938920070523146
0.021 3.1055157785794147
0.022 3.1165463760907297
0.023 3.1270400906597042
0.024 3.137048557184739
0.025 3.1466190426234104
0.026000000000000002 3.1557920611852293
0.027 3.1646022966949
0.028 3.1730797734781873
0.029 3.181250659965321
0.03 3.189137933629416
0.031 3.196761916313389
0.032 3.20414066163125
0.033 3.2112900917782685
0.034 3.218223693776652
0.035 3.2249533890101727
0.036000000000000004 3.2314901348014162
0.037 3.2378439591459
0.038 3.244024042471667
0.039 3.2500389157460234
0.04 3.2558966165040815
0.041 3.2616040460673483
0.042 3.2671678797948704
0.043000000000000003 3.2725977791704337
0.044 3.2779050311274656
0.045 3.2831021280276635
0.046 3.288199918785859
0.047 3.293207702397427
0.048 3.2981338594429648
0.049 3.3029861384936074
0.05 3.3077712748116244
0.051000000000000004 3.312495672323662
0.052000000000000005 3.317165505816425
0.053 3.3217855931779363
0.054 3.3263584146677942
0.055 3.3308853566007457
0.056 3.3353666225525354
0.057 3.3398025481160443
0.058 3.3441937279965774
0.059000000000000004 3.3485407245452974
0.06 3.352844050818056
0.061 3.357104216872313
0.062 3.361321734188987
0.063 3.365497189985473
0.064 3.3696312541013165
0.065 3.373724362216053
0.066 3.3777766069402135
0.067 3.3817887739905093
0.068 3.3857630495672577
0.069 3.3896998164179095
0.07 3.3935934572781035
0.07100000000000001 3.397435243561045
0.07200000000000001 3.4012058878600735
0.073 3.4048831531267614
0.074 3.4084511309864087
0.075 3.411897896457262
0.076 3.4152139308896103
0.077 3.4183927924927002
0.078 3.4214296590075803
0.079 3.424325023857235
0.08 3.4270804252524245
0.081 3.4296930585732457
0.082 3.4321560357515213
0.083 3.4344619221389694
0.084 3.436601022972821
0.085 3.4385625821619232
0.08600000000000001 3.440334077357258
0.08700000000000001 3.4419039368419386
0.088 3.4432636457214345
0.089 3.444411142637519
0.09 3.4453741254428554
0.091 3.4461916779663633
0.092 3.4469027898643434
0.093 3.4475395362786467
0.094 3.4481270636704
0.095 3.4486902124618024
0.096 3.4492534689025147
0.097 3.44982235437403
0.098 3.4503913804228534
0.099 3.4509608194667054
0.1 3.4515306801604817
0.101 3.4521009477988778
0.10200000000000001 3.4526716101904023
0.10300000000000001 3.453242654362815
0.10400000000000001 3.453814072232772
0.105 3.4543858500738667
0.106 3.4549579757517113
0.107 3.455530440065515
0.108 3.4561032308410295
0.109 3.4566763349700507
0.11 3.457249743460441
0.111 3.4578234430189294
0.112 3.4583974229787793
0.113 3.458971672352349
0.114 3.45954617861588
0.115 3.4601209318459176
0.116 3.460695918874145
0.117 3.4612711294488117
0.11800000000000001 3.4618465522312585
0.11900000000000001 3.4624221757172116
0.12 3.462997991233374
0.121 3.463573993998913
0.122 3.4641501755643413
0.123 3.4647265303586186
0.124 3.4653030521391424
0.125 3.4658797319637005
0.126 3.4664565657824014
0.127 3.4670335459946475
0.128 3.4676106652962253
0.129 3.4681879184541513
0.13 3.468765297111756
0.131 3.4693427964488093
0.132 3.469920408598481
0.133 3.4704981266354884
0.134 3.471075945073908
0.135 3.4716538573484663
0.136 3.4722318542384945
0.137 3.47280993206035
0.138 3.47338808345584
0.139 3.4739663007020116
0.14 3.474544578559606
0.14100000000000001 3.4751229086690767
0.14200000000000002 3.475701285865756
0.14300000000000002 3.476279703541118
0.14400000000000002 3.4768581546953294
0.145 3.4774366315196907
0.146 3.47801512896378
0.147 3.4785936387882224
0.148 3.4791721560205664
0.149 3.479750673792098
0.15 3.480329184270583
0.151 3.480907681718256
0.152 3.4814861580220775
0.153 3.4820646086963105
0.154 3.482643027268216
0.155 3.48322140462445
0.156 3.4837997364512496
0.157 3.484378014563521
0.158 3.4849562327738477
0.159 3.485534400286497
0.16 3.486112451055217
0.161 3.4866946977361564
0.162 3.487292197066948
0.163 3.4879157651547477
0.164 3.4885657379619324
0.165 3.4892385846153875
0.166 3.489934035572986
0.167 3.4906515223334185
0.168 3.4913899675388196
0.169 3.4921485260751797
0.17 3.492926356819068
0.171 3.4937225666120493
0.17200000000000001 3.494536272646755
0.17300000000000001 3.495366592095742
0.17400000000000002 3.4962126345951394
0.17500000000000002 3.497073502962124
0.176 3.4979482900329955
0.177 3.498836080771279
0.178 3.4997359561381325
0.179 3.5006469962650013
0.18 3.5015682768726917
0.181 3.5024988694708674
0.182 3.5034378432472972
0.183 3.5043842677722994
0.184 3.5053372090551336
0.185 3.506295729731037
0.186 3.507258886706907
0.187 3.508225745555764
0.188 3.5091953757112564
0.189 3.5101667803864953
0.19 3.511139081344888
0.191 3.512111723831746
0.192 3.5130845729223226
0.193 3.514057689626447
0.194 3.515031055502704
0.195 3.5160046578160613
0.196 3.516978496463032
0.197 3.5179525654822066
0.198 3.5189268596722223
0.199 3.519901374837992
0.2 3.5208761046058705
0.201 3.5218510445140545
0.202 3.5228261898746713
0.203 3.523801534822462
0.20400000000000001 3.5247770743268405
0.20500000000000002 3.5257528036401724
0.20600000000000002 3.5267287180828606
0.20700000000000002 3.5277048128172486
0.20800000000000002 3.5286810820480548
0.209 3.5296575207770027
0.21 3.5306341246404847
0.211 3.5316108884005004
0.212 3.532587806822956
0.213 3.533564874918902
0.214 3.534542087837743
0.215 3.5355194410143995
0.216 3.5364969290590196
0.217 3.537474546757984
0.218 3.538452290246095
0.219 3.5394301545977362
0.22 3.5404081344118383
0.221 3.541386223810999
0.222 3.5423644186102545
0.223 3.543342714841478
0.224 3.5443211061061612
0.225 3.5452995893465653
0.226 3.546278159520869
0.227 3.547256774138349
0.228 3.54823530987511
0.229 3.549213615096204
0.23 3.5501915336784675
0.231 3.551169000344354
0.232 3.5521460795387183
0.233 3.553122848553017
0.234 3.5540993392136926
0.23500000000000001 3.555075564604373
0.23600000000000002 3.5560515478453083
0.23700000000000002 3.557027321071478
0.23800000000000002 3.558002915186228
0.23900000000000002 3.5589783587636203
0.24 3.559953679594692
0.241 3.5609289055549747
0.242 3.5619040647302636
0.243 3.5628791855544577
0.244 3.5638542971881506
0.245 3.5648294278141206
0.246 3.565804605472553
0.247 3.566779858532797
0.248 3.56775521495811
0.249 3.5687307027617003
0.25 3.5697063509891627
0.251 3.570682188154265
0.252 3.57165824188879
0.253 3.5726345399809962
0.254 3.573611110421713
0.255 3.574587981681777
0.256 3.575565182732795
0.257 3.576542739933306
0.258 3.577520677758397
0.259 3.5784990395590186
0.26 3.5794778405167857
0.261 3.5804570005247665
0.262 3.5814362494554963
0.263 3.5824152113466727
0.264 3.583393540133566
0.265 3.5843708879304392
0.266 3.585346901546011
0.267 3.5863212316753037
0.268 3.58729352878019
0.269 3.5882634419536568
0.27 3.589230621477908
0.271 3.590194718076146
0.272 3.59115538248236
0.273 3.5921122661625486
0.274 3.5930650212126785
0.275 3.594013300283514
0.276 3.594956756234862
0.277 3.5958950421372373
0.278 3.5968278113683594
0.279 3.597754718578808
0.28 3.59867541937596
0.281 3.599589569071882
0.28200000000000003 3.60049682430847
0.28300000000000003 3.6013968429376684
0.28400000000000003 3.602289282869406
0.28500000000000003 3.6031738030581684
0.28600000000000003 3.6040500639249062
0.28700000000000003 3.6049177263158874
0.28800000000000003 3.605776450785805
0.289 3.6066258987818616
0.29 3.607465736842222
0.291 3.6082956348644157
0.292 3.6091152702661797
0.293 3.6099243309493314
0.294 3.61072250744434
0.295 3.611509490408133
0.296 3.6122849705174733
0.297 3.613048639672717
0.298 3.6138001923642915
0.299 3.6145393239355057
0.3 3.6152657303017888
0.301 3.6159791094870934
0.302 3.6166791611152718
0.303 3.6173655860131424
0.304 3.618038086578431
0.305 3.6186963663182885
0.306 3.6193401301046055
0.307 3.6199690847646444
0.308 3.6205829390064252
0.309 3.6211814037687877
0.31 3.6217641870136417
0.311 3.6223309997266164
0.312 3.6228815825311167
0.313 3.6234156200104026
0.314 3.6239327548383837
0.315 3.6244330233726587
0.316 3.6249159445278356
0.317 3.6253799510652005
0.318 3.625828444983831
0.319 3.626268357774778
0.32 3.6267065902075926
0.321 3.6271463221832674
0.322 3.6275861472504385
0.323 3.6280258277739246
0.324 3.6284657671272487
0.325 3.6289059482838266
0.326 3.6293463440039577
0.327 3.6297870161504306
0.328 3.630228002780598
0.329 3.630669329875052
0.33 3.631111032989422
0.331 3.6315531475925114
0.332 3.631995706469212
0.333 3.632438743099471
0.334 3.632882291394086
0.335 3.6333263850360047
0.336 3.633771057888465
0.337 3.634216343929202
0.338 3.6346622765384686
0.339 3.6351088892309096
0.34 3.6355562166729407
0.341 3.6360042930560645
0.342 3.6364531518568732
0.343 3.6369028269625168
0.34400000000000003 3.637353352234695
0.34500000000000003 3.637804761265604
0.34600000000000003 3.6382570879283396
0.34700000000000003 3.638710366536368
0.34800000000000003 3.639164630974143
0.34900000000000003 3.6396199149115276
0.35000000000000003 3.6400762528442545
0.35100000000000003 3.640533678972025
0.352 3.640992226983187
0.353 3.6414519309857805
0.354 3.641912825160702
0.355 3.642374943602154
0.356 3.64283832017966
0.357 3.643302988625158
0.358 3.643768983778153
0.359 3.6442363406623257
0.36 3.644705093149912
0.361 3.645175275078888
0.362 3.64564692065778
0.363 3.6461200641540708
0.364 3.646594739907041
0.365 3.6470709824886214
0.366 3.6475488263071902
0.367 3.6480283055261835
0.368 3.6485094550391786
0.369 3.6489923097226757
0.37 3.6494769036516703
0.371 3.649963271167013
0.372 3.6504514470233764
0.373 3.650941466018354
0.374 3.6514333629583997
0.375 3.651927172731369
0.376 3.652422929839921
0.377 3.65292066824839
0.378 3.653420422711172
0.379 3.6539222290365236
0.38 3.6544261239382516
0.381 3.6549321341214926
0.382 3.6554402423473866
0.383 3.6559504194013384
0.384 3.6564626341592708
0.385 3.6569768540742364
0.386 3.6574930473286122
0.387 3.658011182861267
0.388 3.6585312286357548
0.389 3.6590531524795002
0.39 3.6595769227836787
0.391 3.660102507666391
0.392 3.6606298749603865
0.393 3.661158992767865
0.394 3.661689829140107
0.395 3.66222235157466
0.396 3.6627565281183334
0.397 3.6632923273444575
0.398 3.663829716947964
0.399 3.6643686646175238
0.4 3.664909138375463
0.401 3.6654511057910235
0.402 3.6659945343320954
0.403 3.6665393918120652
0.404 3.6670856459754986
0.405 3.6676332640992055
0.406 3.6681822140632887
0.40700000000000003 3.6687324641944508
0.40800000000000003 3.6692839818375917
0.40900000000000003 3.6698367341967657
0.41000000000000003 3.6703906889519686
0.41100000000000003 3.6709458137686624
0.41200000000000003 3.671502076006481
0.41300000000000003 3.6720594428308497
0.41400000000000003 3.672617881494505
0.41500000000000004 3.673177359371121
0.41600000000000004 3.673737844507175
0.417 3.674299304936352
0.418 3.6748617075562726
0.419 3.675425019285195
0.42 3.67598920755213
0.421 3.6765542398700357
0.422 3.6771200837022953
0.423 3.677686705995071
0.424 3.6782540737597555
0.425 3.678822154822638
0.426 3.679390916612779
0.427 3.679960326275053
0.428 3.6805303513048058
0.429 3.6811009588493646
0.43 3.681672115803314
0.431 3.68224378948112
0.432 3.682815947372076
0.433 3.6833885563947053
0.434 3.683961583666459
0.435 3.68453499710466
0.436 3.685108763859463
0.437 3.6856828505876402
0.438 3.6862572246374645
0.439 3.6868318534987425
0.44 3.687406704327741
0.441 3.687981744305665
0.442 3.688556940721882
0.443 3.689132260456813
0.444 3.689707670743384
0.445 3.690283139497643
0.446 3.6908586337572284
0.447 3.6914341201950633
0.448 3.692009566160105
0.449 3.6925849392862773
0.45 3.693160207457961
0.451 3.6937353377780218
0.452 3.6943102953315057
0.453 3.6948850456454694
0.454 3.695459560219201
0.455 3.696033817393642
0.456 3.696607781948149
0.457 3.697181382379961
0.458 3.697754563600887
0.459 3.6983273969266817
0.46 3.698899996371722
0.461 3.699472127572858
0.462 3.70004315885399
0.463 3.700613166941844
0.464 3.701184002619528
0.465 3.701757884400368
0.466 3.702336979485683
0.467 3.7029234629748955
0.468 3.7035180100917944
0.46900000000000003 3.704120057300636
0.47000000000000003 3.704729197571045
0.47100000000000003 3.7053454574967986
0.47200000000000003 3.7059689098203603
0.47300000000000003 3.7065994971718843
0.47400000000000003 3.70723711699846
0.47500000000000003 3.7078816979940985
0.47600000000000003 3.7085331983972907
0.47700000000000004 3.7091915656562904
0.47800000000000004 3.7098567000905938
0.47900000000000004 3.7105285750907684
0.48 3.711207254361109
0.481 3.7118923288625227
0.482 3.712583603031639
0.483 3.713282905335242
0.484 3.7139881926194453
0.485 3.714691252750546
0.486 3.7153898516243435
0.487 3.716085909463972
0.488 3.716781412092866
0.489 3.7174783412879426
0.49 3.7181785028672505
0.491 3.718883440199061
0.492 3.7195945669707347
0.493 3.7203121224033366
0.494 3.7210356249292396
0.495 3.721764678552792
0.496 3.722499246179917
0.497 3.723239373198567
0.498 3.7239850482669468
0.499 3.724736178696758
0.5 3.725492667247049
0.501 3.726254439677929
0.502 3.7270214351218964
0.503 3.727793590632356
0.504 3.7285708353947364
0.505 3.7293530964422716
0.506 3.730140302251786
0.507 3.7309323837170223
0.508 3.731729270440213
0.509 3.732530887414351
0.51 3.7333371571256704
0.511 3.734148000667057
0.512 3.734963338370395
0.513 3.7357830906706493
0.514 3.7366071775664267
0.515 3.73743551858958
0.516 3.738268033143721
0.517 3.739104640733695
0.518 3.739945260307043
0.519 3.740789810401554
0.52 3.7416382087387317
0.521 3.7424903727828127
0.522 3.7433462203379166
0.523 3.7442056696173704
0.524 3.7450686383910283
0.525 3.745935043580443
0.526 3.746804801486225
0.527 3.7476778279350036
0.528 3.74855403915587
0.529 3.7494333519290843
0.53 3.750315682756399
0.531 3.751200946916688
0.532 3.752089059128444
0.533 3.7529799345780503
0.534 3.7538734886621383
0.535 3.754769636372103
0.536 3.755668291820904
0.537 3.7565693691016837
0.538 3.757472782878642
0.539 3.7583784480021496
0.54 3.7592862782762286
0.541 3.7601961867361853
0.542 3.7611080866232776
0.543 3.7620218915777963
0.544 3.762937515250371
0.545 3.7638548709404334
0.546 3.7647738716406103
0.547 3.76569443009181
0.548 3.766616458969897
0.549 3.7675398711508485
0.55 3.768464579489247
0.551 3.769390496225878
0.552 3.770317532997708
0.553 3.771245602143022
0.554 3.7721746168312404
0.555 3.7731044890018786
0.556 3.7740351283325273
0.557 3.7749664474188447
0.558 3.775898365258992
0.559 3.7768308152250314
0.56 3.777763780516155
0.561 3.7786972573988553
0.562 3.7796312381898467
0.5630000000000001 3.780565713391929
0.5640000000000001 3.781500673881684
0.5650000000000001 3.782436110824999
0.5660000000000001 3.7833720154149937
0.5670000000000001 3.784308378943757
0.5680000000000001 3.7852451930476034
0.5690000000000001 3.7861824495362666
0.5700000000000001 3.7871201398848044
0.5710000000000001 3.788058255013743
0.5720000000000001 3.7889967858312508
0.5730000000000001 3.789935723931283
0.5740000000000001 3.790875061233771
0.5750000000000001 3.7918147892544103
0.5760000000000001 3.792754898856362
0.577 3.793695380990937
0.578 3.7946362271591045
0.579 3.795577429070252
0.58 3.7965189780258464
0.581 3.7974608649235484
0.582 3.798403080931717
0.583 3.7993456175167846
0.584 3.800288466268836
0.585 3.8012316186620967
0.586 3.802175065916918
0.587 3.803118799018461
0.588 3.804062808974442
0.589 3.8050070871551536
0.59 3.8059516251551804
0.591 3.806896414548521
0.592 3.8078414464704955
0.593 3.8087867117622953
0.594 3.809732201494346
0.595 3.8106779072468253
0.596 3.8116238207020214
0.597 3.812569933072089
0.598 3.813516235365974
0.599 3.814462718603276
0.6 3.8154093738373316
0.601 3.816356192376601
0.602 3.817303166121626
0.603 3.8182502867333055
0.604 3.8191975448426243
0.605 3.8201449310923383
0.606 3.821092436860387
0.607 3.822040053728676
0.608 3.82298777316962
0.609 3.8239355873920093
0.61 3.824883486213082
0.611 3.8258314588148497
0.612 3.8267794792558445
0.613 3.827727489896874
0.614 3.828675419479442
0.615 3.8296232018045413
0.616 3.8305707722394646
0.617 3.8315180657145707
0.618 3.8324650163796927
0.619 3.8334115580660137
0.62 3.83435762458714
0.621 3.8353031502035546
0.622 3.8362480693781893
0.623 3.8371923164579678
0.624 3.8381358257036853
0.625 3.8390785314129325
0.626 3.8400203679699585
0.627 3.840961269898632
0.628 3.8419011721257497
0.629 3.8428400096901
0.63 3.843777717237789
0.631 3.8447142289653025
0.632 3.8456494792875113
0.633 3.8465834031445265
0.634 3.8475159358738176
0.635 3.848447013039338
0.636 3.849376570165637
0.637 3.850304542314522
0.638 3.851230864398766
0.639 3.852155471633166
0.64 3.8530782997194963
0.641 3.853999284708694
0.642 3.8549183628976182
0.643 3.8558354701682935
0.644 3.85675054184844
0.645 3.8576635137641984
0.646 3.858574322941154
0.647 3.859482906565586
0.648 3.860389200986886
0.649 3.861293142262453
0.65 3.86219466714514
0.651 3.8630937129488037
0.652 3.863990217202198
0.653 3.8648841174292534
0.654 3.8657753509826387
0.655 3.866663855005789
0.656 3.8675495671039446
0.657 3.8684324257853238
0.658 3.8693123696898235
0.659 3.87018933691378
0.66 3.871063265444476
0.661 3.8719340941565963
0.662 3.8728017626960116
0.663 3.873666210388364
0.664 3.87452737585931
0.665 3.8753851978640337
0.666 3.8762396162846846
0.667 3.8770905715202773
0.668 3.877938003947938
0.669 3.8787818535881855
0.67 3.8796220607173724
0.671 3.880458566173692
0.672 3.8812913111604197
0.673 3.8821202367600565
0.674 3.882945284176374
0.675 3.883766395673644
0.676 3.884583513433277
0.677 3.8853965771108188
0.678 3.8862055261189012
0.679 3.8870103097913953
0.68 3.887810884988942
0.681 3.8886071814831173
0.682 3.889399088591219
0.683 3.890186559249377
0.684 3.890969719123218
0.685 3.891748591910264
0.686 3.8925225784524984
0.687 3.89329099831763
0.6880000000000001 3.8940551657437434
0.6890000000000001 3.894817653048793
0.6900000000000001 3.895581060651914
0.6910000000000001 3.8963479465156543
0.6920000000000001 3.8971193896030525
0.6930000000000001 3.8978948764173857
0.6940000000000001 3.8986741355598262
0.6950000000000001 3.899457290672853
0.6960000000000001 3.9002443771495168
0.6970000000000001 3.901035330745103
0.6980000000000001 3.9018301133606315
0.6990000000000001 3.9026287125232915
0.7000000000000001 3.9034311079213873
0.7010000000000001 3.904237272349211
0.7020000000000001 3.9050471805652345
0.7030000000000001 3.9058608088644124
0.704 3.9066781327049056
0.705 3.9074991270240127
0.706 3.9083237675450464
0.707 3.909152030375162
0.708 3.909983890738761
0.709 3.9108193230825674
0.71 3.9116583020651
0.711 3.9125008026991557
0.712 3.913346800076572
0.713 3.914196269076178
0.714 3.9150491840958144
0.715 3.9159055193177896
0.716 3.9167652492890874
0.717 3.91762834884021
0.718 3.9184947920494335
0.719 3.9193645525978824
0.72 3.920237604670075
0.721 3.921113922478853
0.722 3.9219934796472224
0.723 3.9228762498739487
0.724 3.923762207146347
0.725 3.9246513250462276
0.726 3.9255435768551554
0.727 3.926438935935283
0.728 3.927337375740982
0.729 3.9282388696928567
0.73 3.929143390962964
0.731 3.930050912420686
0.732 3.930961406865959
0.733 3.9318748474083085
0.734 3.9327912071395303
0.735 3.9337104586130804
0.736 3.9346325736809247
0.737 3.9355575255285604
0.738 3.936485288428724
0.739 3.937415827052048
0.74 3.938349092577473
0.741 3.939285032640206
0.742 3.9402235922794033
0.743 3.9411647181144227
0.744 3.942108358560096
0.745 3.9430544614598553
0.746 3.9440029682397015
0.747 3.9449538168129203
0.748 3.9459069538678806
0.749 3.9468623500653135
0.75 3.9478199773246643
0.751 3.9487797435499408
0.752 3.949741490266928
0.753 3.950705096193901
0.754 3.951670715781844
0.755 3.9526386190971263
0.756 3.9536090837818203
0.757 3.9545827973575522
0.758 3.955560654454902
0.759 3.95654329355494
0.76 3.957531385203008
0.761 3.9585255933520944
0.762 3.9595265807212794
0.763 3.960535009365448
0.764 3.961551541240327
0.765 3.9625768385859645
0.766 3.9636115653857136
0.767 3.964656386757522
0.768 3.9657119664650944
0.769 3.9667789727301193
0.77 3.9678580737385647
0.771 3.968949944141528
0.772 3.9700552578886996
0.773 3.9711746933975167
0.774 3.9723089336063877
0.775 3.9734586644680827
0.776 3.9746245780518197
0.777 3.9758073703311014
0.778 3.9770077438309444
0.779 3.978226403195485
0.78 3.9794640539582216
0.781 3.9807211621741176
0.782 3.9819979762397284
0.783 3.9832947434010864
0.784 3.9846117154660137
0.785 3.9859491481319274
0.786 3.987307307998205
0.787 3.9886864614894613
0.788 3.9900868881018887
0.789 3.991508869149069
0.79 3.9929526966525506
0.791 3.994418668160565
0.792 3.995907087030718
0.793 3.9974182661132054
0.794 3.9989525270856987
0.795 4.000510201286859
0.796 4.002091623902412
0.797 4.003697142651065
0.798 4.005327113431876
0.799 4.006981906749494
0.8 4.008661726539822
0.801 4.010363226166333
0.802 4.012079377103196
0.803 4.013802943470255
0.804 4.015526642592666
0.805 4.017243179864752
0.806 4.018945279484947
0.807 4.0206257209911245
0.808 4.022277375409658
0.809 4.023893224596547
0.81 4.025466397658434
0.811 4.0269902320450015
0.812 4.028458122363803
0.8130000000000001 4.029867337167194
0.8140000000000001 4.031226526988325
0.8150000000000001 4.03254694057618
0.8160000000000001 4.033837419704029
0.8170000000000001 4.035100677006978
0.8180000000000001 4.036337725829294
0.8190000000000001 4.037549627926213
0.8200000000000001 4.0387374039051105
0.8210000000000001 4.039902040560479
0.8220000000000001 4.041044497053901
0.8230000000000001 4.04216570603308
0.8240000000000001 4.043266575635552
0.8250000000000001 4.044347993674512
0.8260000000000001 4.045410829038034
0.8270000000000001 4.046455941512849
0.8280000000000001 4.047484168870544
0.8290000000000001 4.04849632902742
0.8300000000000001 4.04949326938968
0.8310000000000001 4.050475872576796
0.8320000000000001 4.051445049559328
0.833 4.052401734358617
0.834 4.053346855299534
0.835 4.05428134204905
0.836 4.055206192463203
0.837 4.056123546133998
0.838 4.057036582567376
0.839 4.057948202726177
0.84 4.058858595190257
0.841 4.059767142212764
0.842 4.060674059428455
0.843 4.061579492388507
0.844 4.062483445639198
0.845 4.063385981857287
0.846 4.0642871727765515
0.847 4.065187076088022
0.848 4.066085752396374
0.849 4.066983264024279
0.85 4.067879671384296
0.851 4.0687750347786436
0.852 4.069669414815703
0.853 4.070562872988649
0.854 4.07145547095335
0.855 4.072347269178918
0.856 4.073238326851548
0.857 4.074128703729512
0.858 4.075018462311643
0.859 4.075907664284637
0.86 4.076796368489628
0.861 4.077684634207974
0.862 4.078572522908782
0.863 4.079460096305739
0.864 4.080347413317815
0.865 4.08123453293508
0.866 4.082121517260192
0.867 4.083008427623431
0.868 4.083895323261419
0.869 4.084782263688497
0.87 4.085669309253222
0.871 4.086556521178355
0.872 4.087443960136501
0.873 4.088331685046654
0.874 4.089219754310939
0.875 4.090108232103781
0.876 4.090997185603199
0.877 4.091886659512691
0.878 4.0927766914242785
0.879 4.093667405260074
0.88 4.094558943347738
0.881 4.095451107029723
0.882 4.09634366785653
0.883 4.097237759032811
0.884 4.0981344266060376
0.885 4.0990300728616464
0.886 4.099919294576921
0.887 4.100796550915474
0.888 4.10165960528365
0.889 4.102509059888161
0.89 4.10334529123707
0.891 4.104168365531011
0.892 4.10497857136535
0.893 4.105776134664495
0.894 4.106561269407997
0.895 4.107334199383848
0.896 4.108095141979783
0.897 4.10884431050156
0.898 4.109581916046359
0.899 4.11030816849742
0.9 4.1110232742187955
0.901 4.111727435770905
0.902 4.112420854657745
0.903 4.113103730962059
0.904 4.113776261097577
0.905 4.114438638821023
0.906 4.115091056142651
0.907 4.115733702856145
0.908 4.116366768119055
0.909 4.116990439076827
0.91 4.117604898262206
0.911 4.118210327588233
0.912 4.118806909302874
0.913 4.119394822175203
0.914 4.119974242164776
0.915 4.120545344568264
0.916 4.121108304415017
0.917 4.121663295108009
0.918 4.122210487025162
0.919 4.122750048706234
0.92 4.1232821484468225
0.921 4.1238069541603615
0.922 4.124324631783757
0.923 4.12483534543235
0.924 4.125339258088595
0.925 4.125836531153379
0.926 4.126327325892182
0.927 4.12681180259039
0.928 4.127290124377712
0.929 4.127762448063639
0.93 4.128228907797683
0.931 4.1286896973748135
0.932 4.129145114714559
0.933 4.129595574001352
0.934 4.13004156879682
0.935 4.130483563652307
0.936 4.130922015497809
0.937 4.131357388468187
0.9380000000000001 4.131790145342413
0.9390000000000001 4.1322207475481845
0.9400000000000001 4.132649656543205
0.9410000000000001 4.1330773331084645
0.9420000000000001 4.133504237534673
0.9430000000000001 4.13393083092229
0.9440000000000001 4.134357575649488
0.9450000000000001 4.134784933203566
0.9460000000000001 4.135213364956957
0.9470000000000001 4.135643333866887
0.9480000000000001 4.136075304186565
0.9490000000000001 4.136509741058396
0.9500000000000001 4.136947110462042
0.9510000000000001 4.1373878795879255
0.9520000000000001 4.137832516376477
0.9530000000000001 4.138281491471703
0.9540000000000001 4.138735278457547
0.9550000000000001 4.139194350955966
0.9560000000000001 4.1396591847497834
0.9570000000000001 4.140130259099717
0.9580000000000001 4.140608054843351
0.9590000000000001 4.141093055314407
0.96 4.141585746671446
0.961 4.142086619176088
0.962 4.142596165928737
0.963 4.143114881720748
0.964 4.143643266789749
0.965 4.144181824469401
0.966 4.144731060543444
0.967 4.145291487173087
0.968 4.145863620831113
0.969 4.146447980203142
0.97 4.147045089273326
0.971 4.147655480436341
0.972 4.148279685000808
0.973 4.148918238251203
0.974 4.14957170952059
0.975 4.150240646612813
0.976 4.150925450284137
0.977 4.151626209931319
0.978 4.152342632223102
0.979 4.153074470767195
0.98 4.153821499139767
0.981 4.154583469168428
0.982 4.155360128622827
0.983 4.156151224569794
0.984 4.156956502530146
0.985 4.157775704443574
0.986 4.15860856674762
0.987 4.159454823361761
0.988 4.160314206246117
0.989 4.161186444833536
0.99 4.162071264905121
0.991 4.16296838868692
0.992 4.163877535616616
0.993 4.164798422668711
0.994 4.165730765250272
0.995 4.166674274892976
0.996 4.167628659223881
0.997 4.168593625512194
0.998 4.169568878557637
0.999 4.170554118920433
1.0 4.17154904532266
