0.0 2.533681981365568
0.001 2.562893007304478
0.002 2.6067998739179052
0.003 2.640162886566556
0.004 2.6644450080272053
0.005 2.6864994710050194
0.006 2.707984967418844
0.007 2.729034703182164
0.008 2.749686879563768
0.009 2.7695590027995394
0.01 2.7868031122669006
0.011 2.801007579117428
0.012 2.81302954089417
0.013 2.823797812362108
0.014 2.833780118078547
0.015 2.8432389809730876
0.016 2.8523442510302033
0.017 2.861217567095492
0.018 2.869953077737236
0.019 2.8785822561172885
0.02 2.887081079181334
0.021 2.8954277152115737
0.022 2.903604212641483
0.023 2.9115968789082682
0.024 2.919395942520835
0.025 2.9269951589610472
0.026 2.934391400581439
0.027 2.941584090754453
0.028 2.9485747502505464
0.029 2.9553665625134866
0.03 2.9619639621540923
0.031 2.9683722988769503
0.032 2.9745975626952443
0.033 2.9806461638773327
0.034 2.986524738138209
0.035 2.9922400015511177
0.036 2.9977986574030804
0.037 3.0032073101684498
0.038 3.0084723947091856
0.039 3.013600145742751
0.04 3.0185965694363732
0.041 3.023467429518247
0.042 3.028218229238244
0.043 3.032854212745259
0.044 3.0373803729916857
0.045 3.041801441557425
0.046 3.046121911392147
0.047 3.0503460483754417
0.048 3.054477880131619
0.049 3.058521223112776
0.05 3.062479696334117
0.051 3.0663567098073594
0.052 3.070155506840294
0.053 3.0738791597767166
0.054 3.0775305604443126
0.055 3.0811124662034404
0.056 3.0846274758822183
0.057 3.08807807039296
0.058 3.09146658841302
0.059 3.0947952536111734
0.06 3.0980661833874557
0.061 3.1012813781005235
0.062 3.104442753393572
0.063 3.107552116046378
0.064 3.110611205585808
0.065 3.1136216551758875
0.066 3.116585039862876
0.067 3.119502845661156
0.068 3.1223765090225006
0.069 3.1252073838170955
0.07 3.127996772515096
0.071 3.1307459155258264
0.072 3.1334560005118344
0.073 3.1361281680064588
0.074 3.1387634934876307
0.075 3.141363029486865
0.076 3.143927775193265
0.077 3.146458707439468
0.078 3.148956702209379
0.079 3.1514225883685825
0.08 3.153857266198141
0.081 3.1562617338463608
0.082 3.158636863443141
0.083 3.1609828599880325
0.084 3.163299755524218
0.085 3.165588949596151
0.086 3.1678536067671215
0.087 3.1700956938114344
0.088 3.1723078620788807
0.089 3.174478739360491
0.09 3.1765969375004626
0.091 3.178651224968447
0.092 3.1806437287695144
0.093 3.1825998204527903
0.094 3.184539580108746
0.095 3.1864714467493016
0.096 3.188406668956374
0.097 3.1903619102857457
0.098 3.192342958299045
0.099 3.194338826334517
0.1 3.1963202362980074
0.101 3.1982366514503666
0.102 3.2000503691654427
0.103 3.201740264800603
0.104 3.2032939302518724
0.105 3.2047110363833515
0.106 3.2059936440211714
0.107 3.2071505433914536
0.108 3.2081926141594956
0.109 3.209131616480972
0.11 3.2099818708804855
0.111 3.2107581610424947
0.112 3.211474405339952
0.113 3.2121384290846353
0.114 3.2127554405618404
0.115 3.2133306358431466
0.116 3.2138685455978893
0.117 3.2143720928417525
0.118 3.214843962619033
0.119 3.215286836093037
0.12 3.21570304793333
0.121 3.216094317616735
0.122 3.2164623013824505
0.123 3.216808655137382
0.124 3.2171349883862215
0.125 3.2174428169734584
0.126 3.217733645471505
0.127 3.2180089784463846
0.128 3.2182703094248546
0.129 3.2185190982393443
0.13 3.218756798316432
0.131 3.2189848630826927
0.132 3.2192048106263034
0.133 3.2194185377506677
0.134 3.219628078717863
0.135 3.2198354679834726
0.136 3.2200427329039094
0.137 3.2202518030960796
0.138 3.2204645370533656
0.139 3.2206827916623624
0.14 3.220908429864954
0.141 3.221143590475603
0.142 3.2213907960259087
0.143 3.221652597410535
0.144 3.2219315445084558
0.145 3.2222298684593844
0.146 3.222549030149379
0.147 3.2228903764221832
0.148 3.223255254049112
0.149 3.2236445390162527
0.15 3.224057517371175
0.151 3.2244931398600714
0.152 3.2249503572386478
0.153 3.2254281528542097
0.154 3.2259256155170957
0.155 3.226441855330866
0.156 3.22697598180331
0.157 3.22752699230714
0.158 3.228093640651178
0.159 3.2286746486912437
0.16 3.2292687357087875
0.161 3.2298745420580732
0.162 3.230490616355693
0.163 3.2311155020635822
0.164 3.231747735409566
0.165 3.232385787606115
0.166 3.2330280954996353
0.167 3.233673095617765
0.168 3.2343192042397217
0.169 3.2349647730383393
0.17 3.235608140828937
0.171 3.2362476516068455
0.172 3.2368818274083018
0.173 3.2375094088914245
0.174 3.2381291501179614
0.175 3.2387399184951033
0.176 3.239341576459388
0.177 3.2399345024088806
0.178 3.240519079114713
0.179 3.2410956531759405
0.18 3.241664436930222
0.181 3.242225611571268
0.182 3.242779358374469
0.183 3.2433258681215857
0.184 3.2438653498576517
0.185 3.244398014698457
0.186 3.244924073374867
0.187 3.2454437245647108
0.188 3.245957152790729
0.189 3.2464645417669273
0.19 3.246966074882742
0.191 3.2474619303171597
0.192 3.2479522820490714
0.193 3.248437303937816
0.194 3.2489171692036467
0.195 3.249392044236582
0.196 3.249862091288787
0.197 3.2503274725545954
0.198 3.2507883495351018
0.199 3.2512448780020593
0.2 3.251697210901435
0.201 3.2521455011593075
0.202 3.252589901021751
0.203 3.2530305579141645
0.204 3.253467617178991
0.205 3.253901224150402
0.206 3.2543315234266506
0.207 3.254758654762387
0.208 3.255182755954205
0.209 3.2556039647932042
0.21 3.2560224189097102
0.211 3.2564382548881734
0.212 3.256851608894708
0.213 3.257262617094326
0.214 3.257671413967749
0.215 3.258078122620979
0.216 3.258482861453446
0.217 3.258885748849588
0.218 3.2592868926492664
0.219 3.259686323980993
0.22 3.260084040062563
0.221 3.260480037961667
0.222 3.260874315457276
0.223 3.261266876057119
0.224 3.261657726033612
0.225 3.2620468716770397
0.226 3.262434319097339
0.227 3.2628200727455696
0.228 3.2632041361792954
0.229 3.2635865129474437
0.23 3.2639672066343364
0.231 3.264346221210609
0.232 3.2647235608846548
0.233 3.2650992298683406
0.234 3.265473232356907
0.235 3.2658455723205155
0.236 3.266216253567458
0.237 3.266585279902471
0.238 3.2669526551272376
0.239 3.267318382989254
0.24 3.2676824671894824
0.241 3.2680449114273706
0.242 3.2684057194010374
0.243 3.26876489477518
0.244 3.2691224411794644
0.245 3.269478362241902
0.246 3.2698326615882967
0.247 3.2701853427570207
0.248 3.270536409171934
0.249 3.2708858642491516
0.25 3.271233711404419
0.251 3.27157995402586
0.252 3.271924595455197
0.253 3.272267639029703
0.254 3.2726090880865635
0.255 3.272948945943244
0.256 3.273287215873406
0.257 3.273623901144802
0.258 3.273959005025152
0.259 3.27429253072265
0.26 3.274624481263989
0.261 3.2749548596413964
0.262 3.2752836688470968
0.263 3.275610911883393
0.264 3.2759365917962953
0.265 3.2762607116436637
0.266 3.276583274483356
0.267 3.276904283340066
0.268 3.2772237410272056
0.269 3.277541650275273
0.27 3.277858013814573
0.271 3.278172834448004
0.272 3.2784861156944247
0.273 3.2787978614803355
0.274 3.2791080757369566
0.275 3.279416762406671
0.276 3.2797239256190713
0.277 3.280029569658938
0.278 3.2803336988157423
0.279 3.2806363173760835
0.28 3.280937429528861
0.281 3.2812370393435084
0.282 3.281535150882182
0.283 3.281831768206881
0.284 3.2821268953634557
0.285 3.2824205363678276
0.286 3.282712695232667
0.287 3.283003375970635
0.288 3.283292582579474
0.289 3.283580319013118
0.29 3.2838665892175074
0.291 3.2841513971385763
0.292 3.2844347467043753
0.293 3.2847166417557587
0.294 3.2849970861070386
0.295 3.285276083572523
0.296 3.2855536379625767
0.297 3.2858297530540828
0.298 3.286104432607047
0.299 3.2863776803813454
0.3 3.286649500135887
0.301 3.286919895613508
0.302 3.28718887054382
0.303 3.2874564286560437
0.304 3.28772257367756
0.305 3.2879873092575127
0.306 3.288250638939394
0.307 3.2885125662592136
0.308 3.288773094753036
0.309 3.2890322279704582
0.31 3.2892899694921462
0.311 3.2895463229031083
0.312 3.2898012917883563
0.313 3.2900548797126192
0.314 3.2903070901565807
0.315 3.2905579265791616
0.316 3.290807392439281
0.317 3.2910554911865355
0.318 3.291302226197214
0.319 3.2915476008129585
0.32 3.2917916183752016
0.321 3.2920342822273767
0.322 3.292275595746977
0.323 3.292515562340017
0.324 3.292754185413392
0.325 3.2929914683724313
0.326 3.293227414538672
0.327 3.293462027109245
0.328 3.2936953092711985
0.329 3.2939272642115767
0.33 3.294157895116786
0.331 3.294387205171467
0.332 3.2946151975599607
0.333 3.294841875466606
0.334 3.295067242077948
0.335 3.2952913005925852
0.336 3.295514054213209
0.337 3.295735506142515
0.338 3.2959556595712063
0.339 3.2961745175485078
0.34 3.2963920830313893
0.341 3.296608358975238
0.342 3.296823348337651
0.343 3.297037054151238
0.344 3.297249479540171
0.345 3.2974606276341794
0.346 3.2976705015626147
0.347 3.2978791043500144
0.348 3.2980864387735456
0.349 3.298292507574708
0.35 3.2984973134950013
0.351 3.298700859370293
0.352 3.298903148499891
0.353 3.299104184325143
0.354 3.2993039702874287
0.355 3.2995025090388137
0.356 3.299699794455645
0.357 3.2998958149369075
0.358 3.3000905587982348
0.359 3.300284014346388
0.36 3.300476169584038
0.361 3.3006670121409556
0.362 3.3008565296240953
0.363 3.3010447096405855
0.364 3.301231539860579
0.365 3.301417008111507
0.366 3.3016011022449194
0.367 3.3017838101123678
0.368 3.301965119562894
0.369 3.3021450184317374
0.37 3.3023234945494164
0.371 3.3025005357464488
0.372 3.3026761298569145
0.373 3.3028502647634896
0.374 3.303022928383957
0.375 3.3031941086368817
0.376 3.3033637934407554
0.377 3.3035319707103583
0.378 3.303698628354941
0.379 3.3038637542833085
0.38 3.304027336404267
0.381 3.304189362633187
0.382 3.3043498209067677
0.383 3.3045086991660337
0.384 3.3046659853520057
0.385 3.304821667413971
0.386 3.30497573336516
0.387 3.305128171248642
0.388 3.3052789691076554
0.389 3.305428114984406
0.39 3.30557559689714
0.391 3.3057214028399646
0.392 3.305865520805925
0.393 3.3060079387879955
0.394 3.306148644765507
0.395 3.306287626687711
0.396 3.3064248724998433
0.397 3.3065603701471415
0.398 3.3066941076535454
0.399 3.3068260734596726
0.4 3.306956256143519
0.401 3.307084644283165
0.402 3.307211226369394
0.403 3.307335989614179
0.404 3.307458920258899
0.405 3.307580004520747
0.406 3.307699228658123
0.407 3.30781658212987
0.408 3.3079320598270225
0.409 3.308045657167711
0.41 3.308157369570068
0.411 3.308267197252603
0.412 3.30837516024636
0.413 3.3084812836930926
0.414 3.30858559273456
0.415 3.308688112287973
0.416 3.3087888647449173
0.417 3.3088878709069225
0.418 3.3089851515507323
0.419 3.3090807274617524
0.42 3.3091746198615772
0.421 3.3092668506037173
0.422 3.309357441591189
0.423 3.309446414727003
0.424 3.309533791804703
0.425 3.3096195942278355
0.426 3.309703843313132
0.427 3.309786560377326
0.428 3.30986776674007
0.429 3.309947483749536
0.43 3.310025732770011
0.431 3.310102535165958
0.432 3.3101779123006247
0.433 3.3102518854872054
0.434 3.3103244759723256
0.435 3.3103957049980064
0.436 3.3104655938062586
0.437 3.3105341636014174
0.438 3.3106014354634126
0.439 3.3106674304465353
0.44 3.3107321696050733
0.441 3.310795673991061
0.442 3.3108579646359226
0.443 3.310919062560051
0.444 3.3109789887837313
0.445 3.311037764326174
0.446 3.311095410166054
0.447 3.3111519472301825
0.448 3.311207396441986
0.449 3.311261778724883
0.45 3.3113151149788664
0.451 3.3113674260289168
0.452 3.3114187326850306
0.453 3.311469055757203
0.454 3.311518416045765
0.455 3.311566834264695
0.456 3.3116143310825437
0.457 3.3116609271674537
0.458 3.3117066431904534
0.459 3.3117514999290143
0.46 3.3117955182957153
0.461 3.3118387192118557
0.462 3.3118811235986447
0.463 3.3119227521169408
0.464 3.3119636245940645
0.465 3.312003760690877
0.466 3.3120431800682413
0.467 3.3120819026818644
0.468 3.312119951143209
0.469 3.312157349470046
0.47 3.312194121692982
0.471 3.3122302916582127
0.472 3.3122658762253834
0.473 3.312300883282541
0.474 3.31233532012851
0.475 3.312369194065479
0.476 3.3124025250836024
0.477 3.3124353745207804
0.478 3.312467812123573
0.479 3.312499907638538
0.48 3.3125317155026535
0.481 3.312563148905272
0.482 3.312594044773031
0.483 3.312624239288792
0.484 3.3126535766562673
0.485 3.3126822192061
0.486 3.312710746218803
0.487 3.3127397652148307
0.488 3.31276988371464
0.489 3.312801709238686
0.49 3.3128358493074246
0.491 3.312872909940049
0.492 3.312913271917016
0.493 3.3129568529149234
0.494 3.313003514727057
0.495 3.3130531614597576
0.496 3.31310575217106
0.497 3.313161248701481
0.498 3.3132195980552455
0.499 3.3132807349725026
0.5 3.31334459427737
0.501 3.313411114762288
0.502 3.313480237276676
0.503 3.3135519023160565
0.504 3.3136260485093167
0.505 3.313702613900009
0.506 3.313781536497561
0.507 3.3138627542112777
0.508 3.3139462049287807
0.509 3.3140318262410666
0.51 3.3141195552113123
0.511 3.3142093288414096
0.512 3.3143010839441445
0.513 3.314394757124201
0.514 3.314490284961527
0.515 3.3145876038597883
0.516 3.314686650102472
0.517 3.3147873598165507
0.518 3.3148896680924085
0.519 3.314993509593278
0.52 3.3150988186475137
0.521 3.3152055283070094
0.522 3.315313571317844
0.523 3.315422880318308
0.524 3.3155333877066626
0.525 3.3156450258516736
0.526 3.315757727244337
0.527 3.315871424539762
0.528 3.3159860503942395
0.529 3.3161015372928797
0.53 3.316217817580052
0.531 3.3163348235933956
0.532 3.3164524876492885
0.533 3.3165707420535484
0.534 3.316689519122277
0.535 3.3168087512195688
0.536 3.316928370723237
0.537 3.3170483099325616
0.538 3.3171685009391467
0.539 3.317288875803623
0.54 3.31740936676946
0.541 3.3175299063667785
0.542 3.3176504271257348
0.543 3.3177708610473484
0.544 3.3178911396278052
0.545 3.3180111945535717
0.546 3.3181309596319846
0.547 3.3182503698985952
0.548 3.3183693708276722
0.549 3.318487965054494
0.55 3.3186061747065634
0.551 3.318724021372625
0.552 3.318841524911175
0.553 3.3189587048459708
0.554 3.3190755808271195
0.555 3.319192172735794
0.556 3.3193085004784697
0.557 3.3194245839798606
0.558 3.3195404431849282
0.559 3.319656098034947
0.56 3.3197715684121993
0.561 3.3198868741589758
0.562 3.3200020351311923
0.563 3.3201170712796055
0.564 3.3202320025933636
0.565 3.3203468490282106
0.566 3.320461630415128
0.567 3.320576366556166
0.568 3.3206910772727616
0.569 3.320805782428224
0.57 3.320920501892848
0.571 3.3210352555968923
0.572 3.3211500635486333
0.573 3.3212649457561887
0.574 3.3213799221429348
0.575 3.321495012564771
0.576 3.321610236876943
0.577 3.3217256149444037
0.578 3.321841166636771
0.579 3.3219569118414367
0.58 3.3220728705250995
0.581 3.3221890626765473
0.582 3.322305508255422
0.583 3.322422227146658
0.584 3.3225392392247244
0.585 3.3226565644405057
0.586 3.32277422286143
0.587 3.3228922345579517
0.588 3.3230106194633664
0.589 3.3231293973834997
0.59 3.3232485881545113
0.591 3.3233682119549024
0.592 3.3234882891560487
0.593 3.3236088400077333
0.594 3.3237298841032827
0.595 3.323851440819542
0.596 3.3239735300509814
0.597 3.3240961732477428
0.598 3.3242193921198453
0.599 3.3243432056873155
0.6 3.3244676282413295
0.601 3.324592673202294
0.602 3.3247183439739842
0.603 3.3248446333361135
0.604 3.3249715337092525
0.605 3.3250990392805586
0.606 3.3252271453699653
0.607 3.3253558472697224
0.608 3.3254851399901435
0.609 3.32561501843531
0.61 3.325745477455959
0.611 3.325876511721861
0.612 3.3260081158649086
0.613 3.3261402845918844
0.614 3.3262730127561166
0.615 3.32640629522734
0.616 3.3265401268570876
0.617 3.3266745024756745
0.618 3.3268094169062348
0.619 3.3269448648939037
0.62 3.3270808411291823
0.621 3.3272173403159893
0.622 3.327354357255675
0.623 3.327491886789621
0.624 3.327629923754031
0.625 3.3277684629655404
0.626 3.327907499235938
0.627 3.3280470273243643
0.628 3.328187041879692
0.629 3.3283275375395025
0.63 3.3284685090308526
0.631 3.328609951191271
0.632 3.3287518588644534
0.633 3.32889422688469
0.634 3.3290370500793465
0.635 3.329180323240559
0.636 3.3293240409126055
0.637 3.3294681975329405
0.638 3.3296127877433754
0.639 3.329757806976407
0.64 3.3299032508489885
0.641 3.330049113786903
0.642 3.3301953876313535
0.643 3.3303420641124717
0.644 3.3304891433755555
0.645 3.3306366362538626
0.646 3.3307845549860775
0.647 3.3309329221959683
0.648 3.3310817683435188
0.649 3.3312311237113086
0.65 3.3313810159085855
0.651 3.331531471370054
0.652 3.3316825167908988
0.653 3.331834179905659
0.654 3.331986488702165
0.655 3.3321394709800614
0.656 3.3322931541284913
0.657 3.332447565487497
0.658 3.3326027325813827
0.659 3.3327586831677607
0.66 3.3329154450224077
0.661 3.333073045966287
0.662 3.333231513854021
0.663 3.3333908765317966
0.664 3.333551161780935
0.665 3.3337123973549723
0.666 3.3338746110710473
0.667 3.334037830985513
0.668 3.3342020852110292
0.669 3.3343674018863028
0.67 3.334533809203875
0.671 3.3347013353631656
0.672 3.334870008570044
0.673 3.3350398570380393
0.674 3.3352109089938757
0.675 3.335383192825339
0.676 3.335556737030507
0.677 3.3357315701177197
0.678 3.335907720645692
0.679 3.3360852171924553
0.68 3.3362640883825625
0.681 3.3364443629923883
0.682 3.3366260698299346
0.683 3.3368092377645664
0.684 3.3369938957747016
0.685 3.3371800728514045
0.686 3.337367798018563
0.687 3.3375571003329663
0.688 3.337748008882554
0.689 3.3379405530434827
0.69 3.338134762353844
0.691 3.3383306663365073
0.692 3.3385282944325883
0.693 3.3387276760590696
0.694 3.3389288407694604
0.695 3.339131818455776
0.696 3.3393366390618593
0.697 3.339543332542621
0.698 3.339751928867777
0.699 3.3399624580220273
0.7 3.3401749501849594
0.701 3.340389435679439
0.702 3.3406059448370904
0.703 3.3408245080240184
0.704 3.3410451556199567
0.705 3.341267918396074
0.706 3.341492828343366
0.707 3.3417199176495664
0.708 3.341949215876525
0.709 3.342180748388638
0.71 3.3424145312401565
0.711 3.342650425273957
0.712 3.3428881597796947
0.713 3.3431274603743772
0.714 3.3433680561939987
0.715 3.3436096779155595
0.716 3.3438520556737106
0.717 3.34409491774465
0.718 3.3443379920119187
0.719 3.3445810063809085
0.72 3.3448236887935963
0.721 3.3450657672187147
0.722 3.345306970046031
0.723 3.3455470260313
0.724 3.3457856640284627
0.725 3.3460226135236333
0.726 3.346257604284982
0.727 3.3464903665830352
0.728 3.3467206324276013
0.729 3.346948134216744
0.73 3.3471726052860213
0.731 3.3473937806057865
0.732 3.3476113953932027
0.733 3.347825186544856
0.734 3.3480348925230348
0.735 3.348240252287189
0.736 3.3484410085004135
0.737 3.348636905689965
0.738 3.348827688375181
0.739 3.3490131009824164
0.74 3.3491928879471637
0.741 3.3493668006936903
0.742 3.349534606174055
0.743 3.3496960726938925
0.744 3.349850941910548
0.745 3.3499989219881443
0.746 3.350139732417156
0.747 3.3502732823480352
0.748 3.3503996211846134
0.749 3.3505188260368604
0.75 3.350631149153876
0.751 3.350736919253894
0.752 3.350836454150105
0.753 3.3509300262330974
0.754 3.351017896413044
0.755 3.3511003279316993
0.756 3.3511775895750664
0.757 3.3512499509165616
0.758 3.351317680554596
0.759 3.351381045659309
0.76 3.3514403126119325
0.761 3.3514957341742715
0.762 3.3515475504728514
0.763 3.3515960061575862
0.764 3.351641397334807
0.765 3.3516840503871146
0.766 3.3517242544790107
0.767 3.3517620771772343
0.768 3.351797505173764
0.769 3.3518307618278023
0.77 3.3518629037931174
0.771 3.351895170934374
0.772 3.35192880311623
0.773 3.351965040203348
0.774 3.3520048531509428
0.775 3.352047973025569
0.776 3.3520938050375158
0.777 3.3521420858034827
0.778 3.3521927500901656
0.779 3.3522456897053705
0.78 3.352300742056021
0.781 3.35235775777
0.782 3.352416626860593
0.783 3.3524772462663117
0.784 3.3525395187851634
0.785 3.352603349836549
0.786 3.352668653702037
0.787 3.35273535063201
0.788 3.3528033654684792
0.789 3.3528726288797004
0.79 3.3529430735724084
0.791 3.3530146365758062
0.792 3.3530872565881205
0.793 3.353160877769689
0.794 3.353235446021354
0.795 3.3533109049855625
0.796 3.3533871972824434
0.797 3.353464291993966
0.798 3.353542195016702
0.799 3.353620918355229
0.8 3.3537004835513002
0.801 3.35378091345847
0.802 3.3538622288004554
0.803 3.353944449493961
0.804 3.3540275953024583
0.805 3.354111685873438
0.806 3.354196740759557
0.807 3.3542827793783925
0.808 3.354369820902074
0.809 3.35445788380584
0.81 3.3545469863262998
0.811 3.3546371459993094
0.812 3.35472838006307
0.813 3.3548207054109853
0.814 3.3549141386559223
0.815 3.3550086957777348
0.816 3.3551043918051557
0.817 3.355201241443265
0.818 3.3552992586474124
0.819 3.3553984571041644
0.82 3.3554988496768714
0.821 3.355600448779225
0.822 3.3557032649671834
0.823 3.3558073073501187
0.824 3.3559125871306463
0.825 3.356019118795909
0.826 3.356126910208588
0.827 3.356235947851305
0.828 3.3563462079380573
0.829 3.356457626298494
0.83 3.3565701228785327
0.831 3.3566836242272644
0.832 3.356798062151585
0.833 3.3569133676081204
0.834 3.357029470040903
0.835 3.357146299130109
0.836 3.357263785655065
0.837 3.3573818606566896
0.838 3.3575004555219174
0.839 3.357619501777931
0.84 3.357738931016737
0.841 3.3578586748864345
0.842 3.35797866537148
0.843 3.35809883494833
0.844 3.3582191161765587
0.845 3.358339441743176
0.846 3.358459744374871
0.847 3.358579956899779
0.848 3.3587000121973656
0.849 3.3588198433323906
0.85 3.3589393835103794
0.851 3.3590585661205123
0.852 3.3591773248054517
0.853 3.3592955926150285
0.854 3.3594133008972715
0.855 3.3595303818212683
0.856 3.3596467740429925
0.857 3.359762417095424
0.858 3.3598772309460903
0.859 3.359991123012747
0.86 3.3601040614871325
0.861 3.3602160979573004
0.862 3.360327337408734
0.863 3.360438012754103
0.864 3.360548373899156
0.865 3.3606586459637455
0.866 3.3607690457740684
0.867 3.360879795846309
0.868 3.3609911226848017
0.869 3.3611032525476556
0.87 3.361216411251144
0.871 3.3613308248602514
0.872 3.3614467201839675
0.873 3.3615643244005944
0.874 3.3616838660624717
0.875 3.361805574268954
0.876 3.3619296790289526
0.877 3.3620564110029716
0.878 3.3621860020144054
0.879 3.3623186853837175
0.88 3.362454695117979
0.881 3.362594266702667
0.882 3.3627376362951926
0.883 3.362885042331863
0.884 3.363036724134861
0.885 3.363192922751343
0.886 3.363353880370157
0.887 3.363519841106809
0.888 3.3636910513017924
0.889 3.363867758681059
0.89 3.3640502137034543
0.891 3.364238667647419
0.892 3.36443337374146
0.893 3.3646345866350273
0.894 3.3648425686353116
0.895 3.3650575848118596
0.896 3.3652798796625873
0.897 3.3655096791919634
0.898 3.3657472058914144
0.899 3.365992677825209
0.9 3.3662463178132067
0.901 3.366508362541061
0.902 3.3667790530245205
0.903 3.367058639850373
0.904 3.3673473779939
0.905 3.367645535329437
0.906 3.367953386869579
0.907 3.3682712188448063
0.908 3.368599326552832
0.909 3.3689380169474106
0.91 3.369287610426105
0.911 3.369648437790409
0.912 3.370020846187017
0.913 3.370405193240944
0.914 3.3708018578394037
0.915 3.371211229265233
0.916 3.371633720637324
0.917 3.372069756594717
0.918 3.3725197902070407
0.919 3.3729842882816095
0.92 3.37346374989711
0.921 3.3739586905211283
0.922 3.374469660806824
0.923 3.374997231513672
0.924 3.375542018212468
0.925 3.376104659672346
0.926 3.3766858292657447
0.927 3.3772862337040586
0.928 3.377906690937844
0.929 3.378547997275602
0.93 3.3792106795835535
0.931 3.3798951464087454
0.932 3.3806016663399086
0.933 3.3813305086902448
0.934 3.3820820072124875
0.935 3.382856515536796
0.936 3.3836544047809447
0.937 3.3844760781836425
0.938 3.385321968780813
0.939 3.3861925468716048
0.94 3.3870883140931047
0.941 3.388009819442199
0.942 3.3889576545994333
0.943 3.389932459111758
0.944 3.3909349330651897
0.945 3.391965832277708
0.946 3.393025985469733
0.947 3.394116302176918
0.948 3.3952377744296713
0.949 3.3963914965165234
0.95 3.3975786769245713
0.951 3.39880065048827
0.952 3.4000589075447265
0.953 3.4013551123853754
0.954 3.402691127017784
0.955 3.4040690527043527
0.956 3.4054912829856816
0.957 3.4069605473121225
0.958 3.408479983822852
0.959 3.410053235498977
0.96 3.4116845717467563
0.961 3.413379053363225
0.962 3.4151427399934917
0.963 3.416983013440571
0.964 3.4189089914930744
0.965 3.420932267104721
0.966 3.423067579764929
0.967 3.4253356776128534
0.968 3.4277614326617187
0.969 3.430395756000177
0.97 3.4331816246464006
0.971 3.4360390498474302
0.972 3.4389684981712003
0.973 3.441975882174016
0.974 3.4450680113638845
0.975 3.4482526759081695
0.976 3.4515388264463116
0.977 3.4549368129715177
0.978 3.458458722166355
0.979 3.462118778314642
0.98 3.46593386615084
0.981 3.469924281281553
0.982 3.4741146848523874
0.983 3.4785354853217343
0.984 3.4832247473272604
0.985 3.488231008921324
0.986 3.4936174605998263
0.987 3.4994683803254993
0.988 3.5058993646864582
0.989 3.513074210135892
0.99 3.521233331777863
0.991 3.530742013103604
0.992 3.542163016706099
0.993 3.556293810224486
0.994 3.5737336851153865
0.995 3.593176429839444
0.996 3.6113584721546284
0.997 3.626635380404764
0.998 3.6386176391688423
0.999 3.6469783930897393
1.0 3.651390786795673
