-0.00013129 2.33546695
0.00086359 2.40208641
0.00185847 2.49111826
0.00285336 2.58200124
0.00384824 2.61653813
0.00484312 2.65664063
0.00583800 2.68528509
0.00683288 2.71715772
0.00782776 2.74157820
0.00882264 2.76002109
0.00981753 2.77626147
0.01081241 2.79280993
0.01180729 2.80962437
0.01280217 2.82515979
0.01379705 2.83901487
0.01479193 2.85136935
0.01578682 2.86266521
0.01678170 2.87349701
0.01777658 2.88424193
0.01877146 2.89477281
0.01976634 2.90489524
0.02076122 2.91448773
0.02175610 2.92350010
0.02275099 2.93188826
0.02374587 2.93969130
0.02474075 2.94703833
0.02573563 2.95406295
0.02673051 2.96089396
0.02772539 2.96759777
0.02872028 2.97419720
0.02971516 2.98071417
0.03071004 2.98717026
0.03170492 2.99356204
0.03269980 2.99984523
0.03369468 3.00597173
0.03468956 3.01189349
0.03568445 3.01756860
0.03667933 3.02301906
0.03767421 3.02830465
0.03866909 3.03348567
0.03966397 3.03862240
0.04065885 3.04377458
0.04165374 3.04896468
0.04264862 3.05415521
0.04364350 3.05930325
0.04463838 3.06436585
0.04563326 3.06930009
0.04662814 3.07406622
0.04762302 3.07865990
0.04861791 3.08309889
0.04961279 3.08740127
0.05060767 3.09158513
0.05160255 3.09566858
0.05259743 3.09966969
0.05359231 3.10360260
0.05458720 3.10746669
0.05558208 3.11125788
0.05657696 3.11497208
0.05757184 3.11860523
0.05856672 3.12215323
0.05956160 3.12561201
0.06055649 3.12897765
0.06155137 3.13224986
0.06254625 3.13543181
0.06354113 3.13852684
0.06453601 3.14153827
0.06553089 3.14446942
0.06652577 3.14732364
0.06752066 3.15010424
0.06851554 3.15281456
0.06951042 3.15545744
0.07050530 3.15803454
0.07150018 3.16054728
0.07249506 3.16299712
0.07348995 3.16538551
0.07448483 3.16771387
0.07547971 3.16998367
0.07647459 3.17219633
0.07746947 3.17435330
0.07846435 3.17645519
0.07945923 3.17850110
0.08045412 3.18048995
0.08144900 3.18242067
0.08244388 3.18429221
0.08343876 3.18610348
0.08443364 3.18785342
0.08542852 3.18954097
0.08642341 3.19116507
0.08741829 3.19272537
0.08841317 3.19422248
0.08940805 3.19565705
0.09040293 3.19702975
0.09139781 3.19834123
0.09239269 3.19959216
0.09338758 3.20078319
0.09438246 3.20191500
0.09537734 3.20298825
0.09637222 3.20400399
0.09736710 3.20496362
0.09836198 3.20586856
0.09935687 3.20672022
0.10035175 3.20752003
0.10134663 3.20826939
0.10234151 3.20896972
0.10333639 3.20962245
0.10433127 3.21022901
0.10532615 3.21079136
0.10632104 3.21131177
0.10731592 3.21179254
0.10831080 3.21223595
0.10930568 3.21264431
0.11030056 3.21301990
0.11129544 3.21336502
0.11229033 3.21368195
0.11328521 3.21397303
0.11428009 3.21424078
0.11527497 3.21448788
0.11626985 3.21471700
0.11726473 3.21493080
0.11825961 3.21513194
0.11925450 3.21532310
0.12024938 3.21550694
0.12124426 3.21568612
0.12223914 3.21586323
0.12323402 3.21604030
0.12422890 3.21621915
0.12522379 3.21640162
0.12621867 3.21658953
0.12721355 3.21678473
0.12820843 3.21698902
0.12920331 3.21720426
0.13019819 3.21743226
0.13119307 3.21767448
0.13218796 3.21793080
0.13318284 3.21820066
0.13417772 3.21848351
0.13517260 3.21877880
0.13616748 3.21908597
0.13716236 3.21940448
0.13815725 3.21973377
0.13915213 3.22007330
0.14014701 3.22042253
0.14114189 3.22078104
0.14213677 3.22114839
0.14313165 3.22152416
0.14412654 3.22190792
0.14512142 3.22229926
0.14611630 3.22269775
0.14711118 3.22310296
0.14810606 3.22351447
0.14910094 3.22393193
0.15009582 3.22435520
0.15109071 3.22478413
0.15208559 3.22521858
0.15308047 3.22565842
0.15407535 3.22610351
0.15507023 3.22655371
0.15606511 3.22700888
0.15706000 3.22746889
0.15805488 3.22793352
0.15904976 3.22840246
0.16004464 3.22887536
0.16103952 3.22935192
0.16203440 3.22983178
0.16302928 3.23031463
0.16402417 3.23080013
0.16501905 3.23128796
0.16601393 3.23177777
0.16700881 3.23226929
0.16800369 3.23276227
0.16899857 3.23325647
0.16999346 3.23375165
0.17098834 3.23424756
0.17198322 3.23474396
0.17297810 3.23524062
0.17397298 3.23573729
0.17496786 3.23623372
0.17596274 3.23672962
0.17695763 3.23722464
0.17795251 3.23771844
0.17894739 3.23821067
0.17994227 3.23870099
0.18093715 3.23918904
0.18193203 3.23967449
0.18292692 3.24015699
0.18392180 3.24063620
0.18491668 3.24111193
0.18591156 3.24158404
0.18690644 3.24205243
0.18790132 3.24251696
0.18889620 3.24297753
0.18989109 3.24343400
0.19088597 3.24388626
0.19188085 3.24433419
0.19287573 3.24477769
0.19387061 3.24521680
0.19486549 3.24565165
0.19586038 3.24608237
0.19685526 3.24650906
0.19785014 3.24693185
0.19884502 3.24735086
0.19983990 3.24776621
0.20083478 3.24817801
0.20182966 3.24858639
0.20282455 3.24899145
0.20381943 3.24939328
0.20481431 3.24979198
0.20580919 3.25018765
0.20680407 3.25058038
0.20779895 3.25097027
0.20879384 3.25135741
0.20978872 3.25174190
0.21078360 3.25212386
0.21177848 3.25250345
0.21277336 3.25288085
0.21376824 3.25325624
0.21476313 3.25362980
0.21575801 3.25400171
0.21675289 3.25437215
0.21774777 3.25474129
0.21874265 3.25510932
0.21973753 3.25547634
0.22073241 3.25584222
0.22172730 3.25620683
0.22272218 3.25657002
0.22371706 3.25693164
0.22471194 3.25729154
0.22570682 3.25764959
0.22670170 3.25800564
0.22769659 3.25835954
0.22869147 3.25871121
0.22968635 3.25906070
0.23068123 3.25940807
0.23167611 3.25975336
0.23267099 3.26009665
0.23366587 3.26043799
0.23466076 3.26077743
0.23565564 3.26111504
0.23665052 3.26145086
0.23764540 3.26178496
0.23864028 3.26211737
0.23963516 3.26244813
0.24063005 3.26277729
0.24162493 3.26310489
0.24261981 3.26343096
0.24361469 3.26375556
0.24460957 3.26407872
0.24560445 3.26440049
0.24659933 3.26472080
0.24759422 3.26503954
0.24858910 3.26535656
0.24958398 3.26567174
0.25057886 3.26598493
0.25157374 3.26629600
0.25256862 3.26660481
0.25356351 3.26691124
0.25455839 3.26721515
0.25555327 3.26751657
0.25654815 3.26781566
0.25754303 3.26811255
0.25853791 3.26840740
0.25953279 3.26870034
0.26052768 3.26899153
0.26152256 3.26928110
0.26251744 3.26956921
0.26351232 3.26985599
0.26450720 3.27014147
0.26550208 3.27042563
0.26649697 3.27070846
0.26749185 3.27098993
0.26848673 3.27127002
0.26948161 3.27154872
0.27047649 3.27182600
0.27147137 3.27210184
0.27246625 3.27237624
0.27346114 3.27264915
0.27445602 3.27292059
0.27545090 3.27319051
0.27644578 3.27345892
0.27744066 3.27372579
0.27843554 3.27399110
0.27943043 3.27425485
0.28042531 3.27451701
0.28142019 3.27477759
0.28241507 3.27503667
0.28340995 3.27529437
0.28440483 3.27555079
0.28539971 3.27580605
0.28639460 3.27606026
0.28738948 3.27631352
0.28838436 3.27656595
0.28937924 3.27681766
0.29037412 3.27706873
0.29136900 3.27731917
0.29236389 3.27756899
0.29335877 3.27781819
0.29435365 3.27806676
0.29534853 3.27831471
0.29634341 3.27856203
0.29733829 3.27880873
0.29833318 3.27905480
0.29932806 3.27930030
0.30032294 3.27954538
0.30131782 3.27979023
0.30231270 3.28003501
0.30330758 3.28027992
0.30430246 3.28052511
0.30529735 3.28077077
0.30629223 3.28101708
0.30728711 3.28126421
0.30828199 3.28151217
0.30927687 3.28176076
0.31027175 3.28200971
0.31126664 3.28225881
0.31226152 3.28250780
0.31325640 3.28275644
0.31425128 3.28300449
0.31524616 3.28325171
0.31624104 3.28349786
0.31723592 3.28374291
0.31823081 3.28398700
0.31922569 3.28423033
0.32022057 3.28447306
0.32121545 3.28471538
0.32221033 3.28495746
0.32320521 3.28519948
0.32420010 3.28544162
0.32519498 3.28568405
0.32618986 3.28592687
0.32718474 3.28617009
0.32817962 3.28641373
0.32917450 3.28665783
0.33016938 3.28690240
0.33116427 3.28714747
0.33215915 3.28739305
0.33315403 3.28763916
0.33414891 3.28788584
0.33514379 3.28813310
0.33613867 3.28838097
0.33713356 3.28862947
0.33812844 3.28887864
0.33912332 3.28912850
0.34011820 3.28937907
0.34111308 3.28963038
0.34210796 3.28988245
0.34310284 3.29013531
0.34409773 3.29038883
0.34509261 3.29064288
0.34608749 3.29089728
0.34708237 3.29115189
0.34807725 3.29140656
0.34907213 3.29166111
0.35006702 3.29191541
0.35106190 3.29216929
0.35205678 3.29242260
0.35305166 3.29267520
0.35404654 3.29292694
0.35504142 3.29317768
0.35603630 3.29342728
0.35703119 3.29367560
0.35802607 3.29392250
0.35902095 3.29416784
0.36001583 3.29441146
0.36101071 3.29465324
0.36200559 3.29489299
0.36300048 3.29513053
0.36399536 3.29536569
0.36499024 3.29559829
0.36598512 3.29582815
0.36698000 3.29605510
0.36797488 3.29627895
0.36896977 3.29649954
0.36996465 3.29671671
0.37095953 3.29693047
0.37195441 3.29714079
0.37294929 3.29734769
0.37394417 3.29755116
0.37493905 3.29775120
0.37593394 3.29794781
0.37692882 3.29814099
0.37792370 3.29833073
0.37891858 3.29851701
0.37991346 3.29869975
0.38090834 3.29887888
0.38190323 3.29905432
0.38289811 3.29922599
0.38389299 3.29939382
0.38488787 3.29955772
0.38588275 3.29971762
0.38687763 3.29987344
0.38787251 3.30002516
0.38886740 3.30017285
0.38986228 3.30031656
0.39085716 3.30045636
0.39185204 3.30059233
0.39284692 3.30072451
0.39384180 3.30085298
0.39483669 3.30097781
0.39583157 3.30109905
0.39682645 3.30121673
0.39782133 3.30133080
0.39881621 3.30144123
0.39981109 3.30154799
0.40080597 3.30165105
0.40180086 3.30175036
0.40279574 3.30184589
0.40379062 3.30193761
0.40478550 3.30202549
0.40578038 3.30210958
0.40677526 3.30218998
0.40777015 3.30226681
0.40876503 3.30234018
0.40975991 3.30241021
0.41075479 3.30247699
0.41174967 3.30254065
0.41274455 3.30260128
0.41373943 3.30265903
0.41473432 3.30271418
0.41572920 3.30276710
0.41672408 3.30281816
0.41771896 3.30286774
0.41871384 3.30291621
0.41970872 3.30296394
0.42070361 3.30301130
0.42169849 3.30305867
0.42269337 3.30310636
0.42368825 3.30315432
0.42468313 3.30320237
0.42567801 3.30325032
0.42667289 3.30329797
0.42766778 3.30334513
0.42866266 3.30339163
0.42965754 3.30343727
0.43065242 3.30348186
0.43164730 3.30352528
0.43264218 3.30356767
0.43363707 3.30360925
0.43463195 3.30365026
0.43562683 3.30369092
0.43662171 3.30373144
0.43761659 3.30377205
0.43861147 3.30381298
0.43960635 3.30385444
0.44060124 3.30389657
0.44159612 3.30393919
0.44259100 3.30398205
0.44358588 3.30402493
0.44458076 3.30406759
0.44557564 3.30410979
0.44657053 3.30415130
0.44756541 3.30419188
0.44856029 3.30423130
0.44955517 3.30426945
0.45055005 3.30430650
0.45154493 3.30434264
0.45253982 3.30437810
0.45353470 3.30441306
0.45452958 3.30444775
0.45552446 3.30448236
0.45651934 3.30451709
0.45751422 3.30455216
0.45850910 3.30458764
0.45950399 3.30462337
0.46049887 3.30465921
0.46149375 3.30469499
0.46248863 3.30473054
0.46348351 3.30476572
0.46447839 3.30480036
0.46547328 3.30483429
0.46646816 3.30486737
0.46746304 3.30489954
0.46845792 3.30493088
0.46945280 3.30496148
0.47044768 3.30499141
0.47144256 3.30502076
0.47243745 3.30504962
0.47343233 3.30507807
0.47442721 3.30510620
0.47542209 3.30513408
0.47641697 3.30516173
0.47741185 3.30518911
0.47840674 3.30521618
0.47940162 3.30524290
0.48039650 3.30526923
0.48139138 3.30529513
0.48238626 3.30532055
0.48338114 3.30534546
0.48437602 3.30536982
0.48537091 3.30539377
0.48636579 3.30541753
0.48736067 3.30544134
0.48835555 3.30546542
0.48935043 3.30549001
0.49034531 3.30551533
0.49134020 3.30554162
0.49233508 3.30556911
0.49332996 3.30559798
0.49432484 3.30562808
0.49531972 3.30565909
0.49631460 3.30569069
0.49730948 3.30572257
0.49830437 3.30575441
0.49929925 3.30578590
0.50029413 3.30581671
0.50128901 3.30584655
0.50228389 3.30587516
0.50327877 3.30590274
0.50427366 3.30592960
0.50526854 3.30595608
0.50626342 3.30598250
0.50725830 3.30600918
0.50825318 3.30603644
0.50924806 3.30606463
0.51024294 3.30609405
0.51123783 3.30612489
0.51223271 3.30615686
0.51322759 3.30618953
0.51422247 3.30622246
0.51521735 3.30625523
0.51621223 3.30628743
0.51720712 3.30631861
0.51820200 3.30634837
0.51919688 3.30637626
0.52019176 3.30640210
0.52118664 3.30642633
0.52218152 3.30644948
0.52317641 3.30647207
0.52417129 3.30649464
0.52516617 3.30651772
0.52616105 3.30654185
0.52715593 3.30656755
0.52815081 3.30659536
0.52914569 3.30662548
0.53014058 3.30665749
0.53113546 3.30669090
0.53213034 3.30672521
0.53312522 3.30675994
0.53412010 3.30679460
0.53511498 3.30682869
0.53610987 3.30686173
0.53710475 3.30689323
0.53809963 3.30692302
0.53909451 3.30695136
0.54008939 3.30697853
0.54108427 3.30700482
0.54207915 3.30703053
0.54307404 3.30705594
0.54406892 3.30708135
0.54506380 3.30710704
0.54605868 3.30713329
0.54705356 3.30716023
0.54804844 3.30718780
0.54904333 3.30721594
0.55003821 3.30724460
0.55103309 3.30727371
0.55202797 3.30730321
0.55302285 3.30733306
0.55401773 3.30736318
0.55501261 3.30739351
0.55600750 3.30742403
0.55700238 3.30745470
0.55799726 3.30748550
0.55899214 3.30751639
0.55998702 3.30754735
0.56098190 3.30757836
0.56197679 3.30760938
0.56297167 3.30764039
0.56396655 3.30767136
0.56496143 3.30770230
0.56595631 3.30773318
0.56695119 3.30776403
0.56794607 3.30779483
0.56894096 3.30782558
0.56993584 3.30785630
0.57093072 3.30788697
0.57192560 3.30791761
0.57292048 3.30794823
0.57391536 3.30797899
0.57491025 3.30801011
0.57590513 3.30804181
0.57690001 3.30807431
0.57789489 3.30810783
0.57888977 3.30814259
0.57988465 3.30817879
0.58087953 3.30821667
0.58187442 3.30825635
0.58286930 3.30829753
0.58386418 3.30833980
0.58485906 3.30838273
0.58585394 3.30842593
0.58684882 3.30846897
0.58784371 3.30851144
0.58883859 3.30855292
0.58983347 3.30859300
0.59082835 3.30863142
0.59182323 3.30866840
0.59281811 3.30870426
0.59381299 3.30873933
0.59480788 3.30877393
0.59580276 3.30880837
0.59679764 3.30884298
0.59779252 3.30887808
0.59878740 3.30891400
0.59978228 3.30895090
0.60077717 3.30898866
0.60177205 3.30902708
0.60276693 3.30906598
0.60376181 3.30910517
0.60475669 3.30914447
0.60575157 3.30918368
0.60674646 3.30922264
0.60774134 3.30926114
0.60873622 3.30929915
0.60973110 3.30933686
0.61072598 3.30937446
0.61172086 3.30941219
0.61271574 3.30945024
0.61371063 3.30948882
0.61470551 3.30952815
0.61570039 3.30956843
0.61669527 3.30960986
0.61769015 3.30965251
0.61868503 3.30969620
0.61967992 3.30974078
0.62067480 3.30978609
0.62166968 3.30983197
0.62266456 3.30987825
0.62365944 3.30992477
0.62465432 3.30997138
0.62564920 3.31001790
0.62664409 3.31006432
0.62763897 3.31011071
0.62863385 3.31015717
0.62962873 3.31020378
0.63062361 3.31025062
0.63161849 3.31029778
0.63261338 3.31034536
0.63360826 3.31039342
0.63460314 3.31044208
0.63559802 3.31049145
0.63659290 3.31054170
0.63758778 3.31059301
0.63858266 3.31064553
0.63957755 3.31069943
0.64057243 3.31075488
0.64156731 3.31081203
0.64256219 3.31087107
0.64355707 3.31093211
0.64455195 3.31099514
0.64554684 3.31106002
0.64654172 3.31112662
0.64753660 3.31119482
0.64853148 3.31126449
0.64952636 3.31133551
0.65052124 3.31140774
0.65151612 3.31148106
0.65251101 3.31155538
0.65350589 3.31163074
0.65450077 3.31170725
0.65549565 3.31178502
0.65649053 3.31186414
0.65748541 3.31194473
0.65848030 3.31202689
0.65947518 3.31211072
0.66047006 3.31219633
0.66146494 3.31228384
0.66245982 3.31237339
0.66345470 3.31246514
0.66444958 3.31255925
0.66544447 3.31265587
0.66643935 3.31275517
0.66743423 3.31285729
0.66842911 3.31296241
0.66942399 3.31307067
0.67041887 3.31318216
0.67141376 3.31329676
0.67240864 3.31341428
0.67340352 3.31353459
0.67439840 3.31365750
0.67539328 3.31378287
0.67638816 3.31391052
0.67738305 3.31404029
0.67837793 3.31417203
0.67937281 3.31430578
0.68036769 3.31444201
0.68136257 3.31458124
0.68235745 3.31472397
0.68335233 3.31487073
0.68434722 3.31502203
0.68534210 3.31517839
0.68633698 3.31534032
0.68733186 3.31550833
0.68832674 3.31568271
0.68932162 3.31586345
0.69031651 3.31605051
0.69131139 3.31624384
0.69230627 3.31644340
0.69330115 3.31664915
0.69429603 3.31686105
0.69529091 3.31707905
0.69628579 3.31730312
0.69728068 3.31753334
0.69827556 3.31776993
0.69927044 3.31801311
0.70026532 3.31826310
0.70126020 3.31852012
0.70225508 3.31878439
0.70324997 3.31905613
0.70424485 3.31933556
0.70523973 3.31962289
0.70623461 3.31991807
0.70722949 3.32022086
0.70822437 3.32053101
0.70921925 3.32084828
0.71021414 3.32117242
0.71120902 3.32150318
0.71220390 3.32184033
0.71319878 3.32218361
0.71419366 3.32253276
0.71518854 3.32288746
0.71618343 3.32324732
0.71717831 3.32361196
0.71817319 3.32398099
0.71916807 3.32435403
0.72016295 3.32473070
0.72115783 3.32511061
0.72215271 3.32549338
0.72314760 3.32587864
0.72414248 3.32626602
0.72513736 3.32665519
0.72613224 3.32704579
0.72712712 3.32743750
0.72812200 3.32782996
0.72911689 3.32822283
0.73011177 3.32861577
0.73110665 3.32900843
0.73210153 3.32940045
0.73309641 3.32979140
0.73409129 3.33018079
0.73508617 3.33056818
0.73608106 3.33095308
0.73707594 3.33133504
0.73807082 3.33171358
0.73906570 3.33208825
0.74006058 3.33245856
0.74105546 3.33282412
0.74205035 3.33318470
0.74304523 3.33354010
0.74404011 3.33389014
0.74503499 3.33423462
0.74602987 3.33457336
0.74702475 3.33490616
0.74801963 3.33523284
0.74901452 3.33555320
0.75000940 3.33586704
0.75100428 3.33617411
0.75199916 3.33647414
0.75299404 3.33676687
0.75398892 3.33705204
0.75498381 3.33732939
0.75597869 3.33759866
0.75697357 3.33785959
0.75796845 3.33811193
0.75896333 3.33835552
0.75995821 3.33859041
0.76095310 3.33881664
0.76194798 3.33903429
0.76294286 3.33924341
0.76393774 3.33944406
0.76493262 3.33963630
0.76592750 3.33982018
0.76692238 3.33999577
0.76791727 3.34016322
0.76891215 3.34032277
0.76990703 3.34047469
0.77090191 3.34061924
0.77189679 3.34075668
0.77289167 3.34088726
0.77388656 3.34101126
0.77488144 3.34112893
0.77587632 3.34124053
0.77687120 3.34134639
0.77786608 3.34144686
0.77886096 3.34154233
0.77985584 3.34163316
0.78085073 3.34171972
0.78184561 3.34180239
0.78284049 3.34188153
0.78383537 3.34195752
0.78483025 3.34203070
0.78582513 3.34210128
0.78682002 3.34216933
0.78781490 3.34223492
0.78880978 3.34229815
0.78980466 3.34235907
0.79079954 3.34241776
0.79179442 3.34247432
0.79278930 3.34252880
0.79378419 3.34258131
0.79477907 3.34263206
0.79577395 3.34268132
0.79676883 3.34272938
0.79776371 3.34277652
0.79875859 3.34282300
0.79975348 3.34286912
0.80074836 3.34291515
0.80174324 3.34296136
0.80273812 3.34300799
0.80373300 3.34305497
0.80472788 3.34310213
0.80572276 3.34314932
0.80671765 3.34319637
0.80771253 3.34324312
0.80870741 3.34328940
0.80970229 3.34333505
0.81069717 3.34337991
0.81169205 3.34342387
0.81268694 3.34346705
0.81368182 3.34350959
0.81467670 3.34355168
0.81567158 3.34359347
0.81666646 3.34363514
0.81766134 3.34367684
0.81865622 3.34371875
0.81965111 3.34376102
0.82064599 3.34380377
0.82164087 3.34384691
0.82263575 3.34389034
0.82363063 3.34393396
0.82462551 3.34397766
0.82562040 3.34402134
0.82661528 3.34406490
0.82761016 3.34410823
0.82860504 3.34415123
0.82959992 3.34419388
0.83059480 3.34423636
0.83158969 3.34427888
0.83258457 3.34432163
0.83357945 3.34436480
0.83457433 3.34440860
0.83556921 3.34445322
0.83656409 3.34449887
0.83755897 3.34454573
0.83855386 3.34459385
0.83954874 3.34464304
0.84054362 3.34469311
0.84153850 3.34474383
0.84253338 3.34479502
0.84352826 3.34484648
0.84452315 3.34489798
0.84551803 3.34494934
0.84651291 3.34500035
0.84750779 3.34505095
0.84850267 3.34510120
0.84949755 3.34515119
0.85049243 3.34520099
0.85148732 3.34525068
0.85248220 3.34530034
0.85347708 3.34535004
0.85447196 3.34539987
0.85546684 3.34544990
0.85646172 3.34550019
0.85745661 3.34555081
0.85845149 3.34560181
0.85944637 3.34565324
0.86044125 3.34570517
0.86143613 3.34575765
0.86243101 3.34581073
0.86342589 3.34586448
0.86442078 3.34591895
0.86541566 3.34597421
0.86641054 3.34603034
0.86740542 3.34608743
0.86840030 3.34614554
0.86939518 3.34620476
0.87039007 3.34626516
0.87138495 3.34632683
0.87237983 3.34638984
0.87337471 3.34645425
0.87436959 3.34651998
0.87536447 3.34658688
0.87635935 3.34665480
0.87735424 3.34672360
0.87834912 3.34679314
0.87934400 3.34686326
0.88033888 3.34693382
0.88133376 3.34700467
0.88232864 3.34707575
0.88332353 3.34714732
0.88431841 3.34721979
0.88531329 3.34729351
0.88630817 3.34736890
0.88730305 3.34744631
0.88829793 3.34752615
0.88929281 3.34760878
0.89028770 3.34769461
0.89128258 3.34778388
0.89227746 3.34787645
0.89327234 3.34797209
0.89426722 3.34807055
0.89526210 3.34817161
0.89625699 3.34827502
0.89725187 3.34838055
0.89824675 3.34848797
0.89924163 3.34859704
0.90023651 3.34870768
0.90123139 3.34882019
0.90222627 3.34893492
0.90322116 3.34905224
0.90421604 3.34917249
0.90521092 3.34929604
0.90620580 3.34942322
0.90720068 3.34955441
0.90819556 3.34968996
0.90919045 3.34982998
0.91018533 3.34997422
0.91118021 3.35012238
0.91217509 3.35027417
0.91316997 3.35042927
0.91416485 3.35058740
0.91515974 3.35074825
0.91615462 3.35091152
0.91714950 3.35107693
0.91814438 3.35124489
0.91913926 3.35141669
0.92013414 3.35159367
0.92112902 3.35177719
0.92212391 3.35196858
0.92311879 3.35216918
0.92411367 3.35238035
0.92510855 3.35260343
0.92610343 3.35283978
0.92709831 3.35309120
0.92809320 3.35335985
0.92908808 3.35364795
0.93008296 3.35395770
0.93107784 3.35429128
0.93207272 3.35465089
0.93306760 3.35503874
0.93406248 3.35545703
0.93505737 3.35590794
0.93605225 3.35639375
0.93704713 3.35691673
0.93804201 3.35747918
0.93903689 3.35808339
0.94003177 3.35873165
0.94102666 3.35942625
0.94202154 3.36016947
0.94301642 3.36096361
0.94401130 3.36181081
0.94500618 3.36271188
0.94600106 3.36366698
0.94699594 3.36467629
0.94799083 3.36573995
0.94898571 3.36685814
0.94998059 3.36803100
0.95097547 3.36925871
0.95197035 3.37054141
0.95296523 3.37187945
0.95396012 3.37327413
0.95495500 3.37472711
0.95594988 3.37624006
0.95694476 3.37781465
0.95793964 3.37945253
0.95893452 3.38115537
0.95992940 3.38292483
0.96092429 3.38476257
0.96191917 3.38666928
0.96291405 3.38864165
0.96390893 3.39067542
0.96490381 3.39276630
0.96589869 3.39491000
0.96689358 3.39710225
0.96788846 3.39933877
0.96888334 3.40161526
0.96987822 3.40392748
0.97087310 3.40628403
0.97186798 3.40872961
0.97286286 3.41131520
0.97385775 3.41409177
0.97485263 3.41711031
0.97584751 3.42042179
0.97684239 3.42407718
0.97783727 3.42812664
0.97883215 3.43259624
0.97982704 3.43748483
0.98082192 3.44278975
0.98181680 3.44850839
0.98281168 3.45463796
0.98380656 3.46114227
0.98480144 3.46791036
0.98579632 3.47482111
0.98679121 3.48176873
0.98778609 3.48946928
0.98878097 3.49985924
0.98977585 3.51482808
0.99077073 3.53220084
0.99176561 3.54600699
0.99276050 3.55796080
0.99375538 3.57475929
0.99475026 3.60317702
