0.0000000000000000 2.60073814589903561
0.0010000000000000 2.6679020945989107
0.0020000000000000 2.7168578941530654
0.0030000000000000 2.7620902810710248
0.0040000000000000 2.8055101570085745
0.0050000000000000 2.8459449964864962
0.0060000000000000 2.8812745072171566
0.0070000000000000 2.9135017197428068
0.0080000000000000 2.9422152195462417
0.0090000000000000 2.9680793617711130
0.0100000000000000 2.9908611283290196
0.0110000000000000 3.0106766599043757
0.0120000000000000 3.0287725935238896
0.0130000000000000 3.0460881879057959
0.0140000000000000 3.0623621184483882
0.0150000000000000 3.0773203120065200
0.0160000000000000 3.0915010279604651
0.0170000000000000 3.1050479358606005
0.0180000000000000 3.1184207182057064
0.0190000000000000 3.1306769578664078
0.0200000000000000 3.1425061971697490
0.0210000000000000 3.1543632466098330
0.0220000000000000 3.1652585112440574
0.0230000000000000 3.1762527194650829
0.0240000000000000 3.1863708811057028
0.0250000000000000 3.1961425873707308
0.0260000000000000 3.2055193139036087
0.0270000000000000 3.2146620747956449
0.0280000000000000 3.2234246855919997
0.0290000000000000 3.2325243664461829
0.0300000000000000 3.2408393739549557
0.0310000000000000 3.2490803979599017
0.0320000000000000 3.2572224909800895
0.0330000000000000 3.2648781476052990
0.0340000000000000 3.2723345714640213
0.0350000000000000 3.2795432044173425
0.0360000000000000 3.2866470834178827
0.0370000000000000 3.2935105429681695
0.0380000000000000 3.3007481236758589
0.0390000000000000 3.3072902296760383
0.0400000000000000 3.3137423252969969
0.0410000000000000 3.3199967607642122
0.0420000000000000 3.3260756749888429
0.0430000000000000 3.3320347615985320
0.0440000000000000 3.3379377354503839
0.0450000000000000 3.3436581817711462
0.0460000000000000 3.3495620501335015
0.0470000000000000 3.3552823534142897
0.0480000000000000 3.3613106324391353
0.0490000000000000 3.3669287510751449
0.0500000000000000 3.3722644394814885
0.0510000000000000 3.3780063638051216
0.0520000000000000 3.3829759562795152
0.0530000000000000 3.3877888750972822
0.0540000000000000 3.3924955087725506
0.0550000000000000 3.3970657651285880
0.0560000000000000 3.4015185681315439
0.0570000000000000 3.4058996462395763
0.0580000000000000 3.4102187208675558
0.0590000000000000 3.4143789188182412
0.0600000000000000 3.4184295222926404
0.0610000000000000 3.4224504499189417
0.0620000000000000 3.4260552839473979
0.0630000000000000 3.4298457354018193
0.0640000000000000 3.4331953166084976
0.0650000000000000 3.4369796022081371
0.0660000000000000 3.4398809908895287
0.0670000000000000 3.4431133303669346
0.0680000000000000 3.4458679139314574
0.0690000000000000 3.4483988188980703
0.0700000000000000 3.4508949290450248
0.0710000000000000 3.4530763566941465
0.0720000000000000 3.4549150520388796
0.0730000000000000 3.4571307019319155
0.0740000000000000 3.4587575865184053
0.0750000000000000 3.4599891201657584
0.0760000000000000 3.4617324908912384
0.0770000000000000 3.4628334337429623
0.0780000000000000 3.4642963855492992
0.0790000000000000 3.4647854778341909
0.0800000000000000 3.4662221420553654
0.0810000000000000 3.4669988230293525
0.0820000000000000 3.4681478985614316
0.0830000000000000 3.4686107032611604
0.0840000000000000 3.4693928068104420
0.0850000000000000 3.4700736550674982
0.0860000000000000 3.4706535926234778
0.0870000000000000 3.4715366068738351
0.0880000000000000 3.4719994115735640
0.0890000000000000 3.4726180393337911
0.0900000000000000 3.4729995586801730
0.0910000000000000 3.4739997057867820
0.0920000000000000 3.4744625104865108
0.0930000000000000 3.4744901992613517
0.0940000000000000 3.4754626575931198
0.0950000000000000 3.4758399168608971
0.0960000000000000 3.4764047619047620
0.0970000000000000 3.4768095238095240
0.0980000000000000 3.4774381905059353
0.0990000000000000 3.4776476190476187
0.1000000000000000 3.4784715985067853
0.1010000000000000 3.4784857142857142
0.1020000000000000 3.4792145733184201
0.1030000000000000 3.4793238095238097
0.1040000000000000 3.4797306170462878
0.1050000000000000 3.4801619047619048
0.1060000000000000 3.4805666666666664
0.1070000000000000 3.4809999999999999
0.1080000000000000 3.4814047619047619
0.1090000000000000 3.4818380952380950
0.1100000000000000 3.4819292439719893
0.1110000000000000 3.4826761904761905
0.1120000000000000 3.4827761904761905
0.1130000000000000 3.4835142857142856
0.1140000000000000 3.4836142857142856
0.1150000000000000 3.4843523809523811
0.1160000000000000 3.4845523809523811
0.1170000000000000 3.4851904761904757
0.1180000000000000 3.4852904761904757
0.1190000000000000 3.4858392007089303
0.1200000000000000 3.4860285714285713
0.1210000000000000 3.4864619047619048
0.1220000000000000 3.4870598439388312
0.1230000000000000 3.4872999999999998
0.1240000000000000 3.4879456818159214
0.1250000000000000 3.4881380952380949
0.1260000000000000 3.4885714285714284
0.1270000000000000 3.4891951153677319
0.1280000000000000 3.4894095238095240
0.1290000000000000 3.4898428571428570
0.1300000000000000 3.4902749692567951
0.1310000000000000 3.4906809523809521
0.1320000000000000 3.4915190476190476
0.1330000000000000 3.4916822030133647
0.1340000000000000 3.4919523809523811
0.1350000000000000 3.4927904761904758
0.1360000000000000 3.4931424135775746
0.1370000000000000 3.4932880969141840
0.1380000000000000 3.4940619047619048
0.1390000000000000 3.4944952380952383
0.1400000000000000 3.4953333333333334
0.1410000000000000 3.4956997560811836
0.1420000000000000 3.4960628347059939
0.1430000000000000 3.4967312499999998
0.1440000000000000 3.4971645833333334
0.1450000000000000 3.4979385090481121
0.1460000000000000 3.4985624999999998
0.1470000000000000 3.4990322287276223
0.1480000000000000 3.5000332074552452
0.1490000000000000 3.5005029361828677
0.1500000000000000 3.5009726649104902
0.1510000000000000 3.5019736436381130
0.1520000000000000 3.5024433723657356
0.1530000000000000 3.5030036075733126
0.1540000000000000 3.5039140798209805
0.1550000000000000 3.5043838085486030
0.1560000000000000 3.5053694510470841
0.1570000000000000 3.5058545160038483
0.1580000000000000 3.5064324904963069
0.1590000000000000 3.5073252234590937
0.1600000000000000 3.5077949521867158
0.1610000000000000 3.5087959309143386
0.1620000000000000 3.5092656596419616
0.1630000000000000 3.5102666383695840
0.1640000000000000 3.5107363670972065
0.1650000000000000 3.5112197559592548
0.1660000000000000 3.5122070745524514
0.1670000000000000 3.5129745878669913
0.1680000000000000 3.5136870214676366
0.1690000000000000 3.5149626274473089
0.1700000000000000 3.5158110138912924
0.1710000000000000 3.5162566074126214
0.1720000000000000 3.5176013369552370
0.1730000000000000 3.5185355157161879
0.1740000000000000 3.5196221331010547
0.1750000000000000 3.5206231118286775
0.1760000000000000 3.5216240905563003
0.1770000000000000 3.5226250692839223
0.1780000000000000 3.5238562241156646
0.1790000000000000 3.5251582767391678
0.1800000000000000 3.5261592554667907
0.1810000000000000 3.5271709498137533
0.1820000000000000 3.5285228915267988
0.1830000000000000 3.5296500014908507
0.1840000000000000 3.5306944203772805
0.1850000000000000 3.5315895212426440
0.1860000000000000 3.5331611041063766
0.1870000000000000 3.5342286065601485
0.1880000000000000 3.5351431415003765
0.1890000000000000 3.5360132173531738
0.1900000000000000 3.5369664920293928
0.1910000000000000 3.5379866780835871
0.1920000000000000 3.5389129858854931
0.1930000000000000 3.5401342923498538
0.1940000000000000 3.5409845320725566
0.1950000000000000 3.5418384955933719
0.1960000000000000 3.5427257990283980
0.1970000000000000 3.5436576527119836
0.1980000000000000 3.5446251139099405
0.1990000000000000 3.5455925751078983
0.2000000000000000 3.5465600363058556
0.2010000000000000 3.5475274975038125
0.2020000000000000 3.5486933220745476
0.2030000000000000 3.5495720575226990
0.2040000000000000 3.5509177785843322
0.2050000000000000 3.5518136678654031
0.2060000000000000 3.5526870117755180
0.2070000000000000 3.5535667672208140
0.2080000000000000 3.5542997258895133
0.2090000000000000 3.5555482519605492
0.2100000000000000 3.5564278351133538
0.2110000000000000 3.5576638398232907
0.2120000000000000 3.5583802019637187
0.2130000000000000 3.5591038649562350
0.2140000000000000 3.5600713261541923
0.2150000000000000 3.5610142537624503
0.2160000000000000 3.5618875976725657
0.2170000000000000 3.5624733956875536
0.2180000000000000 3.5634408568855105
0.2190000000000000 3.5644083180834678
0.2200000000000000 3.5653629943703002
0.2210000000000000 3.5658429264188714
0.2220000000000000 3.5668018022875292
0.2230000000000000 3.5677606600327643
0.2240000000000000 3.5682781628752966
0.2250000000000000 3.5692456240732540
0.2260000000000000 3.5702130852712113
0.2270000000000000 3.5711805464691686
0.2280000000000000 3.5721335363260938
0.2290000000000000 3.5726483217276366
0.2300000000000000 3.5736157829255939
0.2310000000000000 3.5745832441235512
0.2320000000000000 3.5755475548878000
0.2330000000000000 3.5760510193820192
0.2340000000000000 3.5770223035624698
0.2350000000000000 3.5781728689221382
0.2360000000000000 3.5785860906711751
0.2370000000000000 3.5796227386720689
0.2380000000000000 3.5809851379475459
0.2390000000000000 3.5813913347202142
0.2400000000000000 3.5823511872614624
0.2410000000000000 3.5830843265605599
0.2420000000000000 3.5837735483667235
0.2430000000000000 3.5848236088912668
0.2440000000000000 3.5853441924278409
0.2450000000000000 3.5859958001601191
0.2460000000000000 3.5870623047687329
0.2470000000000000 3.5871623047687329
0.2480000000000000 3.5882509401216551
0.2490000000000000 3.5882931814540386
0.2500000000000000 3.5894395754745774
0.2510000000000000 3.5899893219386105
0.2520000000000000 3.5906282108274992
0.2530000000000000 3.5911779572915323
0.2540000000000000 3.5912528634158605
0.2550000000000000 3.5923665926444546
0.2560000000000000 3.5929163391084877
0.2570000000000000 3.5939163391084877
0.2580000000000000 3.5941049744614100
0.2590000000000000 3.5946547209254436
0.2600000000000000 3.5952936098143322
0.2610000000000000 3.5958433562783654
0.2620000000000000 3.5963931027423985
0.2630000000000000 3.5970319916312876
0.2640000000000000 3.5975817380953208
0.2650000000000000 3.5981314845593539
0.2660000000000000 3.5987703734482426
0.2670000000000000 3.5993201199122757
0.2680000000000000 3.5996901532721877
0.2690000000000000 3.6005087552651980
0.2700000000000000 3.6010585017292311
0.2710000000000000 3.6021917595513262
0.2720000000000000 3.6022471370821538
0.2730000000000000 3.6027968835461870
0.2740000000000000 3.6034357724350752
0.2750000000000000 3.6039855188991083
0.2760000000000000 3.6045148403007787
0.2770000000000000 3.6051741542520306
0.2780000000000000 3.6057239007160642
0.2790000000000000 3.6059239007160642
0.2800000000000000 3.6069125360689860
0.2810000000000000 3.6073790950858298
0.2820000000000000 3.6074599081089822
0.2830000000000000 3.6085753668313014
0.2840000000000000 3.6087753668313014
0.2850000000000000 3.6090519366647316
0.2860000000000000 3.6097463598417430
0.2870000000000000 3.6101673953870508
0.2880000000000000 3.6105166236425195
0.2890000000000000 3.6112828541093696
0.2900000000000000 3.6117594239427997
0.2910000000000000 3.6119594239427997
0.2920000000000000 3.6128377922027815
0.2930000000000000 3.6128748826651185
0.2940000000000000 3.6133514524985486
0.2950000000000000 3.6137944808105371
0.2960000000000000 3.6142946889986458
0.2970000000000000 3.6143946889986458
0.2980000000000000 3.6152379254987421
0.2990000000000000 3.6154379254987421
0.3000000000000000 3.6157144953321723
0.3010000000000000 3.6159253747404101
0.3020000000000000 3.6166577318322695
0.3030000000000000 3.6168577318322695
0.3040000000000000 3.6171343016656992
0.3050000000000000 3.6176009683323658
0.3060000000000000 3.6180775381657959
0.3070000000000000 3.6181775381657959
0.3080000000000000 3.6189106570233909
0.3090000000000000 3.6190207746658931
0.3100000000000000 3.6192207746658931
0.3110000000000000 3.6194973444993233
0.3120000000000000 3.6199640111659894
0.3130000000000000 3.6204405809994196
0.3140000000000000 3.6205405809994196
0.3150000000000000 3.6213838174995163
0.3160000000000000 3.6214838174995163
0.3170000000000000 3.6215196015475879
0.3180000000000000 3.6223233708371216
0.3190000000000000 3.6223270539996131
0.3200000000000000 3.6228036238330432
0.3210000000000000 3.6229036238330432
0.3220000000000000 3.6237468603331400
0.3230000000000000 3.6238468603331400
0.3240000000000000 3.6239468603331400
0.3250000000000000 3.6246900968332367
0.3260000000000000 3.6247900968332367
0.3270000000000000 3.6248825142647099
0.3280000000000000 3.6252365813722456
0.3290000000000000 3.6256333333333330
0.3300000000000000 3.6260708333333334
0.3310000000000000 3.6261708333333334
0.3320000000000000 3.6265375000000000
0.3330000000000000 3.6269749999999998
0.3340000000000000 3.6269949999999998
0.3350000000000000 3.6271458673753201
0.3360000000000000 3.6278791666666668
0.3370000000000000 3.6279791666666668
0.3380000000000000 3.6283166666666666
0.3390000000000000 3.6287833333333337
0.3400000000000000 3.6289833333333337
0.3410000000000000 3.6292208333333331
0.3420000000000000 3.6296029598876296
0.3430000000000000 3.6296875000000002
0.3440000000000000 3.6301250000000000
0.3450000000000000 3.6305686477303007
0.3460000000000000 3.6309879249147348
0.3470000000000000 3.6310624999999996
0.3480000000000000 3.6315624999999996
0.3490000000000000 3.6320000000000001
0.3500000000000000 3.6321000000000001
0.3510000000000000 3.6322000000000001
0.3520000000000000 3.6329375000000002
0.3530000000000000 3.6329675000000002
0.3540000000000000 3.6329975000000002
0.3550000000000000 3.6336042539432611
0.3560000000000000 3.6338749999999997
0.3570000000000000 3.6339749999999997
0.3580000000000000 3.6343125000000001
0.3590000000000000 3.6348124999999998
0.3600000000000000 3.6349124999999998
0.3610000000000000 3.6352500000000001
0.3620000000000000 3.6357500000000003
0.3630000000000000 3.6357700000000003
0.3640000000000000 3.6361875000000001
0.3650000000000000 3.6366874999999999
0.3660000000000000 3.6368874999999999
0.3670000000000000 3.6371250000000002
0.3680000000000000 3.6375687599981932
0.3690000000000000 3.6376249999999999
0.3700000000000000 3.6380625000000002
0.3710000000000000 3.6380663187375744
0.3720000000000000 3.6385624999999999
0.3730000000000000 3.6387624999999999
0.3740000000000000 3.6390096905438378
0.3750000000000000 3.6395000000000000
0.3760000000000000 3.6397000000000000
0.3770000000000000 3.6399666666666670
0.3780000000000000 3.6404666666666667
0.3790000000000000 3.6405666666666667
0.3800000000000000 3.6409333333333334
0.3810000000000000 3.6414333333333335
0.3820000000000000 3.6415333333333335
0.3830000000000000 3.6418389758798888
0.3840000000000000 3.6423999999999999
0.3850000000000000 3.6426999999999999
0.3860000000000000 3.6429999999999999
0.3870000000000000 3.6433666666666666
0.3880000000000000 3.6436666666666666
0.3890000000000000 3.6439666666666666
0.3900000000000000 3.6443333333333334
0.3910000000000000 3.6446333333333334
0.3920000000000000 3.6449333333333334
0.3930000000000000 3.6452702885423554
0.3940000000000000 3.6452863357112077
0.3950000000000000 3.6455863357112077
0.3960000000000000 3.6457726714224155
0.3970000000000000 3.6462393380890816
0.3980000000000000 3.6463393380890816
0.3990000000000000 3.6467256738002893
0.4000000000000000 3.6471923404669564
0.4010000000000000 3.6472923404669564
0.4020000000000000 3.6476786761781641
0.4030000000000000 3.6481346473398970
0.4040000000000000 3.6481453428448307
0.4050000000000000 3.6486316785560384
0.4060000000000000 3.6488848712543280
0.4070000000000000 3.6490983452227050
0.4080000000000000 3.6495846809339128
0.4090000000000000 3.6497846809339128
0.4100000000000000 3.6502108339903292
0.4110000000000000 3.6505376833117871
0.4120000000000000 3.6507376833117871
0.4130000000000000 3.6514283154863363
0.4140000000000000 3.6514906856896614
0.4150000000000000 3.6515906856896614
0.4160000000000000 3.6524436880675357
0.4170000000000000 3.6526436880675357
0.4180000000000000 3.6528436880675357
0.4190000000000000 3.6533855507541411
0.4200000000000000 3.6533966904454100
0.4210000000000000 3.6534684325236544
0.4220000000000000 3.6541316159649524
0.4230000000000000 3.6543496928232844
0.4240000000000000 3.6548360285344921
0.4250000000000000 3.6548760144219141
0.4260000000000000 3.6553446791354149
0.4270000000000000 3.6558223642457000
0.4280000000000000 3.6559223642457000
0.4290000000000000 3.6568086999569074
0.4300000000000000 3.6569086999569074
0.4310000000000000 3.6571086999569074
0.4320000000000000 3.6577950356681153
0.4330000000000000 3.6578950356681153
0.4340000000000000 3.6580289170306881
0.4350000000000000 3.6587813713793227
0.4360000000000000 3.6588813713793227
0.4370000000000000 3.6592677070905304
0.4380000000000000 3.6597677070905306
0.4390000000000000 3.6602540428017383
0.4400000000000000 3.6605540428017383
0.4410000000000000 3.6610763938163675
0.4420000000000000 3.6612419331994430
0.4430000000000000 3.6614419331994430
0.4440000000000000 3.6622314143646846
0.4450000000000000 3.6624314143646846
0.4460000000000000 3.6627208955299260
0.4470000000000000 3.6632208955299261
0.4480000000000000 3.6633208955299261
0.4490000000000000 3.6637103766951675
0.4500000000000000 3.6642103766951672
0.4510000000000000 3.6646998578604091
0.4520000000000000 3.6647998578604091
0.4530000000000000 3.6656893390256511
0.4540000000000000 3.6657893390256511
0.4550000000000000 3.6661788201908925
0.4560000000000000 3.6666788201908926
0.4570000000000000 3.6670253938064654
0.4580000000000000 3.6671683013561340
0.4590000000000000 3.6676771740436109
0.4600000000000000 3.6681577825213756
0.4610000000000000 3.6682134567886218
0.4620000000000000 3.6691472636866171
0.4630000000000000 3.6692472636866171
0.4640000000000000 3.6696367448518590
0.4650000000000000 3.6701367448518591
0.4660000000000000 3.6706262260171005
0.4670000000000000 3.6710982432480437
0.4680000000000000 3.6716157071823421
0.4690000000000000 3.6717157071823421
0.4700000000000000 3.6726051883475836
0.4710000000000000 3.6727051883475836
0.4720000000000000 3.6731611253793433
0.4730000000000000 3.6736184790366351
0.4740000000000000 3.6741079602018765
0.4750000000000000 3.6746317697256865
0.4760000000000000 3.6751212508909279
0.4770000000000000 3.6752188301393525
0.4780000000000000 3.6761345415799793
0.4790000000000000 3.6763345415799793
0.4800000000000000 3.6771478322690303
0.4810000000000000 3.6773478322690303
0.4820000000000000 3.6777660162889623
0.4830000000000000 3.6782496392034036
0.4840000000000000 3.6786506041233231
0.4850000000000000 3.6792863745684192
0.4860000000000000 3.6796638948123741
0.4870000000000000 3.6803132025051859
0.4880000000000000 3.6806771855014251
0.4890000000000000 3.6811666666666669
0.4900000000000000 3.6816904761904761
0.4910000000000000 3.6821748511904762
0.4920000000000000 3.6827126704164606
0.4930000000000000 3.6831830357142858
0.4940000000000000 3.6832670750480645
0.4950000000000000 3.6841912202380955
0.4960000000000000 3.6846677878247256
0.4970000000000000 3.6851994047619048
0.4980000000000000 3.6856837797619049
0.4990000000000000 3.6861954451270904
0.5000000000000000 3.6866919642857146
0.5010000000000000 3.6875078033947490
0.5020000000000000 3.6877001488095238
0.5030000000000000 3.6883391838279613
0.5040000000000000 3.6887083333333335
0.5050000000000000 3.6891927083333336
0.5060000000000000 3.6902008928571428
0.5070000000000000 3.6903008928571428
0.5080000000000000 3.6912090773809529
0.5090000000000000 3.6913792910345249
0.5100000000000000 3.6922172619047622
0.5110000000000000 3.6927016369047623
0.5120000000000000 3.6932372939092941
0.5130000000000000 3.6937098214285720
0.5140000000000000 3.6947180059523812
0.5150000000000000 3.6948180059523812
0.5160000000000000 3.6956312244374177
0.5170000000000000 3.6962105654761910
0.5180000000000000 3.6968236218631541
0.5190000000000000 3.6972187500000002
0.5200000000000000 3.6982031250000000
0.5210000000000000 3.6983031250000000
0.5220000000000000 3.6991875000000003
0.5230000000000000 3.6996718750000004
0.5240000000000000 3.7004406731913475
0.5250000000000000 3.7006562500000002
0.5260000000000000 3.7016406250000005
0.5270000000000000 3.7021160463097380
0.5280000000000000 3.7026250000000003
0.5290000000000000 3.7031093750000004
0.5300000000000000 3.7040937500000002
0.5310000000000000 3.7042434777038320
0.5320000000000000 3.7050781250000000
0.5330000000000000 3.7055625000000001
0.5340000000000000 3.7065468750000004
0.5350000000000000 3.7068663350924296
0.5360000000000000 3.7075312500000006
0.5370000000000000 3.7085156250000004
0.5380000000000000 3.7089783035151429
0.5390000000000000 3.7097346066030861
0.5400000000000000 3.7099687925725879
0.5410000000000000 3.7109375851451754
0.5420000000000000 3.7118676808299540
0.5430000000000000 3.7122466268017784
0.5440000000000000 3.7130224946458616
0.5450000000000000 3.7133439628629379
0.5460000000000000 3.7143127554355253
0.5470000000000000 3.7148032668618036
0.5480000000000000 3.7157503405807004
0.5490000000000000 3.7162875276311729
0.5500000000000000 3.7167191331532883
0.5510000000000000 3.7176879257258761
0.5520000000000000 3.7181954954460643
0.5530000000000000 3.7191255108710508
0.5540000000000000 3.7200696401934246
0.5550000000000000 3.7204559965668800
0.5560000000000000 3.7212827231937080
0.5570000000000001 3.7221210534577449
0.5580000000000001 3.7225006811614012
0.5590000000000001 3.7234694737339886
0.5600000000000001 3.7242245776450611
0.5610000000000001 3.7249070588791637
0.5620000000000001 3.7258758514517512
0.5630000000000001 3.7263657548801516
0.5640000000000001 3.7273134365969263
0.5650000000000001 3.7282822291695137
0.5660000000000001 3.7289729836377026
0.5670000000000001 3.7297078127290777
0.5680000000000001 3.7306468799521895
0.5690000000000001 3.7312595577843277
0.5700000000000001 3.7322085062131274
0.5710000000000001 3.7330611346594500
0.5720000000000001 3.7339525254227288
0.5730000000000001 3.7348483592238981
0.5740000000000001 3.7358799115069110
0.5750000000000001 3.7367937845969124
0.5760000000000001 3.7374077345616152
0.5770000000000000 3.7384603716195119
0.5780000000000000 3.7395081115605207
0.5790000000000000 3.7400161688291846
0.5800000000000000 3.7410246440741166
0.5810000000000000 3.7420956882660503
0.5820000000000000 3.7434071980566204
0.5830000000000000 3.7441930844002300
0.5840000000000000 3.7451054490423177
0.5850000000000000 3.7461531889833259
0.5860000000000000 3.7472539373464726
0.5870000000000000 3.7482450812907020
0.5880000000000000 3.7492596220477878
0.5890000000000000 3.7503800509645906
0.5900000000000000 3.7520294208682552
0.5910000000000000 3.7530144579083711
0.5920000000000000 3.7540041366366173
0.5930000000000000 3.7553365210499292
0.5940000000000000 3.7568233093482348
0.5950000000000000 3.7581063198703957
0.5960000000000000 3.7594861977587106
0.5970000000000000 3.7607883442965928
0.5980000000000000 3.7618254280098489
0.5990000000000000 3.7632270436362267
0.6000000000000000 3.7647290781961673
0.6010000000000000 3.7663740703245825
0.6020000000000000 3.7679385197508592
0.6030000000000000 3.7693458285170407
0.6040000000000000 3.7704038482038085
0.6050000000000000 3.7719341906482322
0.6060000000000000 3.7735078651620624
0.6070000000000000 3.7746449807238003
0.6080000000000000 3.7762953708696054
0.6090000000000000 3.7777564382144555
0.6100000000000000 3.7790651696900728
0.6110000000000000 3.7806781324894363
0.6120000000000000 3.7818349685105392
0.6130000000000000 3.7831013353559784
0.6140000000000000 3.7846047673310048
0.6150000000000000 3.7856494216333898
0.6160000000000000 3.7872729318450418
0.6170000000000000 3.7882933360405309
0.6180000000000000 3.7896564447309693
0.6190000000000000 3.7907323758398723
0.6200000000000000 3.7923835024092853
0.6210000000000000 3.7934993031112900
0.6220000000000000 3.7945689214252614
0.6230000000000000 3.7959538024004900
0.6240000000000000 3.7971406189596202
0.6250000000000000 3.7981852732620052
0.6260000000000000 3.7993213449939733
0.6270000000000000 3.8007334499863830
0.6280000000000000 3.8019265808878542
0.6290000000000000 3.8031821759106443
0.6300000000000000 3.8044232506562805
0.6310000000000000 3.8056575493433717
0.6320000000000000 3.8070287223522472
0.6330000000000000 3.8087259486462326
0.6340000000000000 3.8096847922851236
0.6350000000000000 3.8109038378526394
0.6360000000000000 3.8123531070973105
0.6370000000000000 3.8137883012372367
0.6380000000000000 3.8151935758191748
0.6390000000000000 3.8162806122448978
0.6400000000000000 3.8178480805368276
0.6410000000000000 3.8189970271913385
0.6420000000000000 3.8205532090394536
0.6430000000000000 3.8218521305940958
0.6440000000000000 3.8229001946174139
0.6450000000000000 3.8244153661464586
0.6460000000000000 3.8256546664537936
0.6470000000000000 3.8269591757206682
0.6480000000000000 3.8284530118534930
0.6490000000000000 3.8295205862411397
0.6500000000000000 3.8308436563187764
0.6510000000000000 3.8320427671068424
0.6520000000000000 3.8332141840055591
0.6530000000000000 3.8345852340936375
0.6540000000000000 3.8356252121607763
0.6550000000000000 3.8371453994894407
0.6560000000000000 3.8381452581032409
0.6570000000000000 3.8394774989755547
0.6580000000000000 3.8407041296430027
0.6590000000000000 3.8417353627275999
0.6600000000000000 3.8428672301327849
0.6610000000000000 3.8442628597965651
0.6620000000000000 3.8455665281554481
0.6630000000000000 3.8463644992624797
0.6640000000000000 3.8472557647754266
0.6650000000000000 3.8488370536905721
0.6660000000000000 3.8497301554611152
0.6670000000000000 3.8510258079993056
0.6680000000000000 3.8518363020911797
0.6690000000000000 3.8526740499216361
0.6700000000000000 3.8539500374639104
0.6710000000000000 3.8553019377538016
0.6720000000000000 3.8561868573358300
0.6730000000000000 3.8572981696471218
0.6740000000000000 3.8583594976452118
0.6750000000000000 3.8593312401883830
0.6760000000000000 3.8603029827315538
0.6770000000000000 3.8612747252747255
0.6780000000000000 3.8622464678178963
0.6790000000000000 3.8632182103610671
0.6800000000000000 3.8642220107180827
0.6810000000000000 3.8651727944925671
0.6820000000000001 3.8661334379905807
0.6830000000000001 3.8673055881227567
0.6840000000000001 3.8681905077047851
0.6850000000000001 3.8694978877886959
0.6860000000000001 3.8704033659343842
0.6870000000000001 3.8713441458714524
0.6880000000000001 3.8724271626748825
0.6890000000000001 3.8733951734539969
0.6900000000000001 3.8743939561978378
0.6910000000000001 3.8756992877534948
0.6920000000000001 3.8764991745959878
0.6930000000000001 3.8772995891863751
0.6940000000000001 3.8786033657238299
0.6950000000000001 3.8794021005665340
0.6960000000000001 3.8806917178603380
0.6970000000000001 3.8816757164404221
0.6980000000000001 3.8826470588235291
0.6990000000000001 3.8836184012066366
0.7000000000000001 3.8845897435897436
0.7010000000000001 3.8855610859728507
0.7020000000000001 3.8865324283559577
0.7030000000000001 3.8875037707390647
0.7040000000000000 3.8884751131221718
0.7050000000000000 3.8894464555052792
0.7060000000000000 3.8904177978883858
0.7070000000000000 3.8914123803599665
0.7080000000000000 3.8923760501753870
0.7090000000000000 3.8933318250377074
0.7100000000000000 3.8945904138492429
0.7110000000000000 3.8958019622079627
0.7120000000000000 3.8965796072694530
0.7130000000000000 3.8973746199177084
0.7140000000000000 3.8989687243828826
0.7150000000000000 3.8999401553298947
0.7160000000000000 3.9008392350060150
0.7170000000000000 3.9021813510413406
0.7180000000000000 3.9031010595461733
0.7190000000000000 3.9041779965197767
0.7200000000000000 3.9051672728215379
0.7210000000000000 3.9061565491232995
0.7220000000000000 3.9071458254250615
0.7230000000000000 3.9081426279288762
0.7240000000000000 3.9091243780285847
0.7250000000000000 3.9101815156905917
0.7260000000000000 3.9115005865668424
0.7270000000000000 3.9123226019260513
0.7280000000000000 3.9135912871571996
0.7290000000000000 3.9144584662931416
0.7300000000000000 3.9155698397607228
0.7310000000000000 3.9165591160624849
0.7320000000000000 3.9175483923642460
0.7330000000000000 3.9185192109269695
0.7340000000000000 3.9195047550795516
0.7350000000000000 3.9204608480524161
0.7360000000000000 3.9214316666151392
0.7370000000000000 3.9225573923886108
0.7380000000000000 3.9234171088664098
0.7390000000000000 3.9245446201583016
0.7400000000000000 3.9256714811156153
0.7410000000000000 3.9268719234830467
0.7420000000000000 3.9279087132526902
0.7430000000000000 3.9291844281066828
0.7440000000000000 3.9301216723998351
0.7450000000000000 3.9310229231656324
0.7460000000000000 3.9321106708050944
0.7470000000000000 3.9330814893678174
0.7480000000000000 3.9340523079305405
0.7490000000000000 3.9350361732813721
0.7500000000000000 3.9359939450559871
0.7510000000000000 3.9371012233174243
0.7520000000000000 3.9383839672370495
0.7530000000000000 3.9393977469266863
0.7540000000000000 3.9403685654894103
0.7550000000000000 3.9413595437969358
0.7560000000000000 3.9423102026148564
0.7570000000000000 3.9432810211775795
0.7580000000000000 3.9444180227637835
0.7590000000000000 3.9455603872437393
0.7600000000000000 3.9463253389667763
0.7610000000000000 3.9479471006730944
0.7620000000000000 3.9489075597445069
0.7630000000000000 3.9500856821857027
0.7640000000000000 3.9510583068367504
0.7650000000000000 3.9520031320744038
0.7660000000000000 3.9530035561388455
0.7670000000000000 3.9539833802853930
0.7680000000000000 3.9549488054409405
0.7690000000000000 3.9559936942647509
0.7700000000000000 3.9572840915653105
0.7710000000000000 3.9580955925768011
0.7720000000000000 3.9593306502276615
0.7730000000000000 3.9603032748787093
0.7740000000000000 3.9612758995297570
0.7750000000000000 3.9623098885629986
0.7760000000000000 3.9632501926864432
0.7770000000000000 3.9645501334344684
0.7780000000000000 3.9654775982110442
0.7790000000000000 3.9666803827774046
0.7800000000000000 3.9680842720870908
0.7810000000000000 3.9690259121099238
0.7820000000000000 3.9700381181455766
0.7830000000000000 3.9710188032178113
0.7840000000000000 3.9720185640742871
0.7850000000000000 3.9733271971224751
0.7860000000000000 3.9741391533470036
0.7870000000000000 3.9754353038385961
0.7880000000000000 3.9764216351827026
0.7890000000000000 3.9774023202549373
0.7900000000000000 3.9785301593654707
0.7910000000000000 3.9794203080572017
0.7920000000000000 3.9809245379458833
0.7930000000000000 3.9821514150347186
0.7940000000000000 3.9832864306883460
0.7950000000000000 3.9842671157605807
0.7960000000000000 3.9852478008328158
0.7970000000000000 3.9862284859050501
0.7980000000000000 3.9873439667972406
0.7990000000000000 3.9882002930645868
0.8000000000000000 3.9894645557426660
0.8010000000000000 3.9906506327977072
0.8020000000000000 3.9916674153988483
0.8030000000000000 3.9926285425788368
0.8040000000000000 3.9939161678026571
0.8050000000000000 3.9948150483754974
0.8060000000000000 3.9963076017020440
0.8070000000000001 3.9975154283033505
0.8080000000000001 3.9985050761381720
0.8090000000000001 3.9994947239729930
0.8100000000000001 4.0004843718078149
0.8110000000000001 4.0014810463897890
0.8120000000000001 4.0027141831700144
0.8130000000000001 4.0039809081442916
0.8140000000000001 4.0049518038963470
0.8150000000000001 4.0062275571531973
0.8160000000000001 4.0074814538327210
0.8170000000000001 4.0087950927566851
0.8180000000000001 4.0096199686306111
0.8190000000000001 4.0108802567597470
0.8200000000000001 4.0118699045945680
0.8210000000000001 4.0128595524293900
0.8220000000000001 4.0138969978991019
0.8230000000000001 4.0152603431677107
0.8240000000000001 4.0164602526779953
0.8250000000000001 4.0176688200128874
0.8260000000000001 4.0187974394383188
0.8270000000000001 4.0197870872731407
0.8280000000000001 4.0208027831965856
0.8290000000000001 4.0221198323884648
0.8300000000000001 4.0232646514672599
0.8310000000000001 4.0242635133880196
0.8320000000000001 4.0254619161610039
0.8330000000000000 4.0263674966696605
0.8340000000000000 4.0277429662332578
0.8350000000000000 4.0290886375104300
0.8360000000000000 4.0302566849125760
0.8370000000000000 4.0312555468333358
0.8380000000000000 4.0322544087540946
0.8390000000000000 4.0334518956705647
0.8400000000000000 4.0347530179084679
0.8410000000000000 4.0361070326434954
0.8420000000000000 4.0370152168849511
0.8430000000000000 4.0382571117177708
0.8440000000000000 4.0392464421994099
0.8450000000000000 4.0403786124626411
0.8460000000000000 4.0417115270146073
0.8470000000000000 4.0427516486513433
0.8480000000000000 4.0439441570217074
0.8490000000000000 4.0452476895587752
0.8500000000000000 4.0464999239751114
0.8510000000000000 4.0477459582551401
0.8520000000000000 4.0487448201758998
0.8530000000000000 4.0497436820966595
0.8540000000000000 4.0509731792606125
0.8550000000000000 4.0522085870717799
0.8560000000000000 4.0536678424773473
0.8570000000000000 4.0545933029312069
0.8580000000000000 4.0557470500465298
0.8590000000000000 4.0569926444291484
0.8600000000000000 4.0582504250882696
0.8610000000000000 4.0592749343507251
0.8620000000000000 4.0602576232644729
0.8630000000000000 4.0616001223751557
0.8640000000000000 4.0631412289316602
0.8650000000000000 4.0642523654295442
0.8660000000000000 4.0652526888197560
0.8670000000000000 4.0662651335735118
0.8680000000000000 4.0672533356001814
0.8690000000000000 4.0685169538822841
0.8700000000000000 4.0697571872472889
0.8710000000000000 4.0712528985184164
0.8720000000000000 4.0722549525512424
0.8730000000000000 4.0732575862318434
0.8740000000000000 4.0744513856852134
0.8750000000000000 4.0759198518709958
0.8760000000000000 4.0772565695023042
0.8770000000000000 4.0782568928925169
0.8780000000000000 4.0792688830380879
0.8790000000000000 4.0806176339137767
0.8800000000000000 4.0819759933434243
0.8810000000000000 4.0828921477837063
0.8820000000000000 4.0842713584114794
0.8830000000000000 4.0854743493721939
0.8840000000000000 4.0868149575789294
0.8850000000000000 4.0878433802600664
0.8860000000000000 4.0889360163385424
0.8870000000000000 4.0903119600975595
0.8880000000000000 4.0915413948247457
0.8890000000000000 4.0928866395255650
0.8900000000000000 4.0938952913786650
0.8910000000000000 4.0949365698203071
0.8920000000000000 4.0960553876586925
0.8930000000000000 4.0976759617122838
0.8940000000000000 4.0989385506441618
0.8950000000000000 4.0999472024972619
0.8960000000000000 4.1009623907791113
0.8970000000000000 4.1022495130829579
0.8980000000000000 4.1037127273154823
0.8990000000000000 4.1049904617627586
0.9000000000000000 4.1059991136158587
0.9010000000000000 4.1071054468260648
0.9020000000000000 4.1084496364578893
0.9030000000000000 4.1096979306197436
0.9040000000000000 4.1110423728813554
0.9050000000000000 4.1120555931769420
0.9060000000000000 4.1133105586065142
0.9070000000000000 4.1145847457627118
0.9080000000000000 4.1156862202015105
0.9090000000000000 4.1170510241789007
0.9100000000000000 4.1180317442423275
0.9110000000000000 4.1195114090330218
0.9120000000000000 4.1206355932203387
0.9130000000000000 4.1216803534972728
0.9140000000000000 4.1230601219577903
0.9150000000000000 4.1243700086386159
0.9160000000000000 4.1256779661016951
0.9170000000000000 4.1266864406779664
0.9180000000000000 4.1277211223625958
0.9190000000000000 4.1291085912236056
0.9200000000000000 4.1305726500017048
0.9210000000000000 4.1317288135593220
0.9220000000000000 4.1327372881355933
0.9230000000000000 4.1337667123008268
0.9240000000000000 4.1352854314641991
0.9250000000000000 4.1367689099944158
0.9260000000000000 4.1378449278170395
0.9270000000000000 4.1389562554578099
0.9280000000000000 4.1400874092470277
0.9290000000000000 4.1415285539204536
0.9300000000000000 4.1427817638038515
0.9310000000000000 4.1438930914446228
0.9320000000000001 4.1450044190853932
0.9330000000000001 4.1461335174636300
0.9340000000000001 4.1475630630725489
0.9350000000000001 4.1488299274314340
0.9360000000000001 4.1499412550722052
0.9370000000000001 4.1510850998393796
0.9380000000000001 4.1525684274756118
0.9390000000000001 4.1537667634182460
0.9400000000000001 4.1548780910590164
0.9410000000000001 4.1561017442417008
0.9420000000000001 4.1571298208782785
0.9430000000000001 4.1586006921623433
0.9440000000000001 4.1598149270458284
0.9450000000000001 4.1609262546865997
0.9460000000000001 4.1621305782934215
0.9470000000000001 4.1636056286366756
0.9480000000000001 4.1647517630326405
0.9490000000000001 4.1658630906734118
0.9500000000000001 4.1671502568392409
0.9510000000000001 4.1685772713786822
0.9520000000000001 4.1696885990194517
0.9530000000000001 4.1708040074632962
0.9540000000000001 4.1719116643611365
0.9550000000000001 4.1731797050254613
0.9560000000000001 4.1746270752468320
0.9570000000000001 4.1757388129477455
0.9580000000000001 4.1768513459768215
0.9590000000000001 4.1782006126093378
0.9600000000000000 4.1795659615343554
0.9610000000000000 4.1806776992352681
0.9620000000000000 4.1818037454473114
0.9630000000000000 4.1832206444210662
0.9640000000000000 4.1845048478218780
0.9650000000000000 4.1856165855227907
0.9660000000000000 4.1867559008918294
0.9670000000000000 4.1883319964084880
0.9680000000000000 4.1894437341094006
0.9690000000000000 4.1907519178699051
0.9700000000000000 4.1921591449950979
0.9710000000000000 4.1932708826960106
0.9720000000000000 4.1943904263805081
0.9730000000000000 4.1957759467322271
0.9740000000000000 4.1970980312826196
0.9750000000000000 4.1982281422113221
0.9760000000000000 4.1993879060912214
0.9770000000000000 4.2008653792238828
0.9780000000000000 4.2021337233705651
0.9790000000000000 4.2032716052623567
0.9800000000000000 4.2049014226380184
0.9810000000000000 4.2060393045298081
0.9820000000000000 4.2071794667554290
0.9830000000000000 4.2085632730772353
0.9840000000000000 4.2099448856890511
0.9850000000000000 4.2110827675808427
0.9860000000000000 4.2126410432222219
0.9870000000000000 4.2138504668482941
0.9880000000000000 4.2149883487400857
0.9890000000000000 4.2162594172290717
0.9900000000000000 4.2177560480075371
0.9910000000000000 4.2189080899566935
0.9920000000000000 4.2203519615391620
0.9930000000000000 4.2216616291667801
0.9940000000000000 4.2229178802545233
0.9950000000000000 4.2244293284342325
0.9960000000000000 4.2255790207525976
0.9970000000000000 4.2271970277016848
0.9980000000000000 4.2285393067692887
0.9990000000000000 4.2299647269691372
1.0000000000000000 4.2300000000000000
