0.0 2.5125249794946156
0.001 2.5492884915200698
0.002 2.5966330364126606
0.003 2.660219071650249
0.004 2.7357286899002315
0.005 2.80065684692079
0.006 2.849097479044745
0.007 2.886502316480721
0.008 2.9169370624043918
0.009 2.942724393240456
0.01 2.965202619232628
0.011 2.9851987417749752
0.012 3.0032728995470217
0.013 3.019815619498577
0.014 3.0350776820906638
0.015 3.0492905688562444
0.016 3.0625993481811276
0.017 3.075118143645062
0.018 3.086959360937358
0.019 3.098205403135483
0.02 3.1089127909713588
0.021 3.119137196361106
0.022 3.128933847444352
0.023 3.1383482376526595
0.024 3.147416381007653
0.025 3.1561738988253993
0.026 3.164656412421968
0.027 3.1728986567692026
0.028 3.1809250169707854
0.029 3.1887531788327492
0.03 3.196400715515246
0.031 3.2038852001784277
0.032 3.211224205305448
0.033 3.2184315054020387
0.034 3.2255081628214675
0.035 3.232452583344729
0.036 3.2392631727528154
0.037 3.2459383368267254
0.038 3.2524764813474505
0.039 3.2588762214835927
0.04 3.265137945938703
0.041 3.2712629362718726
0.042 3.2772524808356254
0.043 3.283107867982485
0.044 3.2888303860649755
0.045 3.29442132343562
0.046 3.299881972471469
0.047 3.3052137153364236
0.048 3.3104180224649014
0.049 3.3154963680125533
0.05 3.3204502261350273
0.051 3.3252810709879754
0.052 3.3299903767270465
0.053 3.3345796175078894
0.054 3.3390502674861557
0.055 3.343404427378651
0.056 3.3476496311026227
0.057 3.3517962015552327
0.058 3.355854484429415
0.059 3.359834825418102
0.06 3.363747570214229
0.061 3.3676030645107264
0.062 3.3714116540005294
0.063 3.3751836843765703
0.064 3.378929501331784
0.065 3.3826594505591
0.066 3.3863805940910843
0.067 3.3900843401088148
0.068 3.3937574372191763
0.069 3.397386633246779
0.07 3.400958676016238
0.071 3.4044603133521645
0.072 3.4078782930791713
0.073 3.41119936302187
0.074 3.4144102710048743
0.075 3.4174977648527967
0.076 3.4204485923902483
0.077 3.4232495014418434
0.078 3.425887693914976
0.079 3.4283601366232723
0.08 3.430673198329314
0.081 3.4328336292543566
0.082 3.434848179619657
0.083 3.436723599646475
0.084 3.4384666395560664
0.085 3.440084049569688
0.086 3.4415825799085975
0.087 3.442968980794054
0.088 3.4442500024473124
0.089 3.44543239508963
0.09 3.446522908942267
0.091 3.4475282942264776
0.092 3.4484553011635204
0.093 3.4493106799746522
0.094 3.450101180881131
0.095 3.4508335541042143
0.096 3.4515145498651587
0.097 3.4521509183852213
0.098 3.4527494098856604
0.099 3.4533167745877327
0.1 3.453859762712696
0.101 3.4543851244818073
0.102 3.454899610116323
0.103 3.4554099395707825
0.104 3.4559205429224993
0.105 3.456431997769293
0.106 3.4569445121576305
0.107 3.4574582941339784
0.108 3.4579735517448036
0.109 3.4584904930365727
0.11 3.4590093260557526
0.111 3.4595302588488095
0.112 3.4600534994622114
0.113 3.4605792559424224
0.114 3.461107736335912
0.115 3.461639148689146
0.116 3.46217370104859
0.117 3.4627116014607116
0.118 3.463253057971978
0.119 3.463798278628855
0.12 3.4643474714778097
0.121 3.4649008445653102
0.122 3.4654586059378207
0.123 3.466020963641809
0.124 3.466588125723742
0.125 3.4671603002300864
0.126 3.4677376952073087
0.127 3.4683205187018764
0.128 3.4689089787602545
0.129 3.469503283428911
0.13 3.470103640754313
0.131 3.4707102587829266
0.132 3.471323345561218
0.133 3.4719431091356543
0.134 3.472569757552703
0.135 3.4732034988588296
0.136 3.473844541100501
0.137 3.474493092324185
0.138 3.4751493605763475
0.139 3.475813553903455
0.14 3.4764858803519743
0.141 3.477166547968373
0.142 3.4778557612505114
0.143 3.478553574050599
0.144 3.479259836849303
0.145 3.479974385734882
0.146 3.480697056795601
0.147 3.4814276861197215
0.148 3.4821661097955063
0.149 3.482912163911218
0.15 3.483665684555119
0.151 3.4844265078154715
0.152 3.485194469780537
0.153 3.4859694065385805
0.154 3.486751154177863
0.155 3.4875395487866463
0.156 3.4883344264531937
0.157 3.4891356232657667
0.158 3.4899429753126294
0.159 3.4907563186820427
0.16 3.49157548946227
0.161 3.4924003237415735
0.162 3.4932306576082146
0.163 3.4940663271504575
0.164 3.4949071684565647
0.165 3.4957530176147964
0.166 3.496603710713418
0.167 3.49745908384069
0.168 3.498318973084875
0.169 3.499183214534236
0.17 3.5000516442770344
0.171 3.500924098401534
0.172 3.5018004129959963
0.173 3.502680424148685
0.174 3.503563967947861
0.175 3.504450880481788
0.176 3.5053409986218576
0.177 3.506234194865979
0.178 3.5071303912356337
0.179 3.5080295134097
0.18 3.508931487067054
0.181 3.509836237886573
0.182 3.510743691547136
0.183 3.5116537737276197
0.184 3.512566410106902
0.185 3.5134815263638606
0.186 3.5143990481773724
0.187 3.5153189012263173
0.188 3.5162410111895683
0.189 3.5171653037460078
0.19 3.5180917045745113
0.191 3.519020139353956
0.192 3.5199505337632213
0.193 3.520882813481183
0.194 3.52181690418672
0.195 3.5227527315587084
0.196 3.523690221276026
0.197 3.5246292990175525
0.198 3.5255698904621635
0.199 3.526511921288737
0.2 3.527455317176152
0.201 3.5284000038032843
0.202 3.529345906849011
0.203 3.5302929519922124
0.204 3.5312410649117627
0.205 3.532190171286543
0.206 3.5331401967954292
0.207 3.5340910671172985
0.208 3.5350427081090534
0.209 3.5359950574525314
0.21 3.5369480718478568
0.211 3.5379017097144745
0.212 3.538855929471833
0.213 3.53981068953938
0.214 3.5407659483365634
0.215 3.541721664282829
0.216 3.5426777957976254
0.217 3.543634301300399
0.218 3.544591139210599
0.219 3.545548267947672
0.22 3.546505645931064
0.221 3.547463231580224
0.222 3.5484209833145983
0.223 3.549378859553636
0.224 3.550336818716783
0.225 3.5512948192234877
0.226 3.552252819493198
0.227 3.553210777945358
0.228 3.5541686529994183
0.229 3.555126403074827
0.23 3.5560839865910285
0.231 3.557041361967472
0.232 3.5579984876236037
0.233 3.558955321978874
0.234 3.559911823452727
0.235 3.560867950464611
0.236 3.561823661433975
0.237 3.5627789147802646
0.238 3.5637336689229278
0.239 3.5646878822814125
0.24 3.565641511841913
0.241 3.5665945022748122
0.242 3.567546791975832
0.243 3.568498319290799
0.244 3.5694490225655384
0.245 3.5703988401458773
0.246 3.5713477103776388
0.247 3.572295571606649
0.248 3.5732423621787346
0.249 3.5741880204397187
0.25 3.5751324847354295
0.251 3.5760756934116915
0.252 3.5770175848143286
0.253 3.5779580972891685
0.254 3.578897169182035
0.255 3.579834738838755
0.256 3.5807707446051533
0.257 3.581705124827055
0.258 3.5826378178502862
0.259 3.5835687620206707
0.26 3.5844978956840365
0.261 3.585425157186208
0.262 3.5863504848730092
0.263 3.5872738170902685
0.264 3.5881950921838084
0.265 3.589114248499456
0.266 3.5900312243830377
0.267 3.590945958180376
0.268 3.5918583882372994
0.269 3.5927684528996315
0.27 3.593676090513198
0.271 3.5945812394238246
0.272 3.595483831731137
0.273 3.596383762626248
0.274 3.5972809137922286
0.275 3.5981751668919535
0.276 3.5990664035882944
0.277 3.599954505544126
0.278 3.6008393544223196
0.279 3.60172083188575
0.28 3.6025988195972896
0.281 3.603473199219812
0.282 3.604343852416191
0.283 3.6052106608492998
0.284 3.60607350618201
0.285 3.606932270077196
0.286 3.6077868341977317
0.287 3.608637080206489
0.288 3.6094828897663422
0.289 3.610324144540165
0.29 3.6111607261908296
0.291 3.6119925163812083
0.292 3.612819396774176
0.293 3.613641249032606
0.294 3.61445795481937
0.295 3.615269395797344
0.296 3.616075453629398
0.297 3.6168760099784065
0.298 3.6176709465072436
0.299 3.6184601448787816
0.3 3.619243486755894
0.301 3.6200208538014547
0.302 3.620792127678335
0.303 3.621557190049411
0.304 3.622315922577553
0.305 3.6230682073253613
0.306 3.6238139911025353
0.307 3.6245533564119725
0.308 3.6252864028307212
0.309 3.6260132299358365
0.31 3.6267339373043717
0.311 3.627448624513377
0.312 3.6281573911399057
0.313 3.6288603367610106
0.314 3.6295575609537454
0.315 3.630249163295161
0.316 3.630935243362311
0.317 3.631615900732249
0.318 3.632291234982027
0.319 3.6329613456886953
0.32 3.63362633242931
0.321 3.6342862947809214
0.322 3.6349413323205826
0.323 3.635591544625347
0.324 3.636237031272266
0.325 3.636877891838393
0.326 3.637514225900781
0.327 3.638146133036482
0.328 3.6387737128225486
0.329 3.639397064836034
0.33 3.64001628865399
0.331 3.6406314838534697
0.332 3.6412427500115254
0.333 3.64185018670521
0.334 3.642453893511576
0.335 3.6430539700076765
0.336 3.6436505157705636
0.337 3.6442436303772903
0.338 3.6448334134049083
0.339 3.6454199644304714
0.34 3.646003383031031
0.341 3.6465837687836413
0.342 3.647161220271096
0.343 3.6477358096787533
0.344 3.6483075806707
0.345 3.6488765754911987
0.346 3.649442836384518
0.347 3.6500064055949224
0.348 3.6505673253666773
0.349 3.6511256379440487
0.35 3.651681385571302
0.351 3.652234610492703
0.352 3.652785354952517
0.353 3.65333366119501
0.354 3.653879571464447
0.355 3.654423128005094
0.356 3.654964373061217
0.357 3.655503348877081
0.358 3.6560400976969523
0.359 3.656574661765095
0.36 3.657107083325777
0.361 3.657637404623262
0.362 3.6581656679018155
0.363 3.658691915405705
0.364 3.659216189379195
0.365 3.6597385320665503
0.366 3.660258985712038
0.367 3.6607775925599233
0.368 3.661294394854471
0.369 3.661809434839948
0.37 3.6623227547606176
0.371 3.6628343968607484
0.372 3.663344403384604
0.373 3.6638528165764512
0.374 3.6643596786805546
0.375 3.66486503194118
0.376 3.665368918602594
0.377 3.6658713809090604
0.378 3.6663724611048467
0.379 3.666872201434217
0.38 3.667370644145096
0.381 3.6678678487635916
0.382 3.668363932009612
0.383 3.6688590224212447
0.384 3.669353248536583
0.385 3.6698467388937135
0.386 3.6703396220307285
0.387 3.6708320264857175
0.388 3.6713240807967695
0.389 3.6718159135019754
0.39 3.6723076531394256
0.391 3.672799428247209
0.392 3.6732913673634164
0.393 3.6737835990261383
0.394 3.6742762517734637
0.395 3.674769454143482
0.396 3.675263334674285
0.397 3.675758021903961
0.398 3.676253644370602
0.399 3.6767503306122964
0.4 3.677248209167134
0.401 3.6777474085732065
0.402 3.6782480573686023
0.403 3.6787502840914126
0.404 3.6792542172797256
0.405 3.679759985471634
0.406 3.6802677172052256
0.407 3.680777541018591
0.408 3.6812895854498193
0.409 3.6818039790370034
0.41 3.6823208503182294
0.411 3.682840327831591
0.412 3.6833625401151755
0.413 3.6838876157070746
0.414 3.6844156831453776
0.415 3.684946870968175
0.416 3.6854813077135553
0.417 3.6860191219196112
0.418 3.6865604421244296
0.419 3.687105396785768
0.42 3.6876540854678868
0.421 3.688206536148794
0.422 3.6887627659110107
0.423 3.689322791837059
0.424 3.689886631009457
0.425 3.6904543005107304
0.426 3.6910258174233967
0.427 3.691601198829976
0.428 3.692180461812992
0.429 3.692763623454963
0.43 3.693350700838411
0.431 3.693941711045857
0.432 3.6945366711598204
0.433 3.6951355982628256
0.434 3.69573850943739
0.435 3.6963454217660354
0.436 3.696956352331283
0.437 3.6975713182156533
0.438 3.6981903365016677
0.439 3.6988134242718465
0.44 3.69944059860871
0.441 3.700071876594781
0.442 3.700707275312579
0.443 3.7013468118446236
0.444 3.701990503273439
0.445 3.7026383666815432
0.446 3.7032904191514575
0.447 3.7039466777657037
0.448 3.704607159606803
0.449 3.705271881757275
0.45 3.7059408612996414
0.451 3.7066141153164214
0.452 3.7072916608901387
0.453 3.707973515103312
0.454 3.708659695038462
0.455 3.7093502177781112
0.456 3.7100451003355857
0.457 3.710744349107951
0.458 3.7114479485410428
0.459 3.7121558803620927
0.46 3.7128681262983356
0.461 3.7135846680769986
0.462 3.7143054874253174
0.463 3.7150305660705225
0.464 3.715759885739847
0.465 3.716493428160522
0.466 3.717231175059778
0.467 3.7179731081648493
0.468 3.718719209202966
0.469 3.7194694599013607
0.47 3.7202238419872664
0.471 3.7209823371879134
0.472 3.7217449272305343
0.473 3.7225115938423605
0.474 3.723282318750625
0.475 3.72405708368256
0.476 3.724835870365395
0.477 3.7256186605263646
0.478 3.7264054358926995
0.479 3.727196178191631
0.48 3.7279908691503922
0.481 3.728789490496215
0.482 3.7295920239563296
0.483 3.7303984512579698
0.484 3.731208754128368
0.485 3.7320229142947547
0.486 3.7328409134843614
0.487 3.7336627334244215
0.488 3.734488355842166
0.489 3.7353177624648275
0.49 3.736150935019637
0.491 3.7369878529904272
0.492 3.73782847391426
0.493 3.738672742912554
0.494 3.7395206049657035
0.495 3.7403720050541036
0.496 3.741226888158148
0.497 3.742085199258233
0.498 3.742946883334751
0.499 3.7438118853680993
0.5 3.7446801503386697
0.501 3.745551623226857
0.502 3.7464262490130595
0.503 3.747303972677667
0.504 3.7481847392010765
0.505 3.7490684935636827
0.506 3.7499551807458804
0.507 3.750844745728063
0.508 3.751737133490626
0.509 3.7526322890139636
0.51 3.7535301572784703
0.511 3.754430683264541
0.512 3.7553338119525703
0.513 3.756239488322953
0.514 3.757147657356083
0.515 3.7580582640323557
0.516 3.7589712533321644
0.517 3.7598865702359054
0.518 3.7608041597239725
0.519 3.76172396677676
0.52 3.7626459363746636
0.521 3.763570013498076
0.522 3.764496143127394
0.523 3.7654242702430003
0.524 3.7663543388810248
0.525 3.767286289541466
0.526 3.7682200618967197
0.527 3.769155595619185
0.528 3.7700928303812584
0.529 3.771031705855339
0.53 3.771972161713822
0.531 3.772914137629106
0.532 3.7738575732735895
0.533 3.7748024083196676
0.534 3.77574858243974
0.535 3.7766960353062045
0.536 3.7776447065914565
0.537 3.778594535967895
0.538 3.7795454631079157
0.539 3.7804974276839176
0.54 3.781450369368299
0.541 3.782404227833456
0.542 3.7833589427517866
0.543 3.7843144537956874
0.544 3.785270700637558
0.545 3.786227622949793
0.546 3.787185160404793
0.547 3.788143252674952
0.548 3.7891018394326714
0.549 3.7900608603503456
0.55 3.7910202551003724
0.551 3.7919799633551516
0.552 3.7929399247870785
0.553 3.7939000790685515
0.554 3.7948603658719664
0.555 3.795820724918573
0.556 3.7967811068500907
0.557 3.7977414869564043
0.558 3.7987018439067888
0.559 3.7996621563705157
0.56 3.800622403016857
0.561 3.8015825625150867
0.562 3.8025426135344773
0.563 3.8035025347443017
0.564 3.804462304813831
0.565 3.8054219024123404
0.566 3.8063813062091003
0.567 3.8073404948733853
0.568 3.808299447074467
0.569 3.8092581414816187
0.57 3.8102165567641135
0.571 3.8111746715912234
0.572 3.8121324646322208
0.573 3.8130899145563797
0.574 3.8140470000329723
0.575 3.81500369973127
0.576 3.815959992320548
0.577 3.816915856470077
0.578 3.817871270849131
0.579 3.8188262141269824
0.58 3.819780664972903
0.581 3.820734602056167
0.582 3.8216880040460466
0.583 3.822640849611814
0.584 3.8235931174227424
0.585 3.824544786148105
0.586 3.8254958344571737
0.587 3.826446241061981
0.588 3.827395985890751
0.589 3.828345050233226
0.59 3.8292934154510867
0.591 3.830241062906017
0.592 3.8311879739596995
0.593 3.8321341299738174
0.594 3.833079512310053
0.595 3.834024102330089
0.596 3.8349678813956096
0.597 3.835910830868296
0.598 3.836852932109832
0.599 3.8377941664818995
0.6 3.8387345153461827
0.601 3.839673960064363
0.602 3.840612481998124
0.603 3.8415500625091497
0.604 3.8424866829591187
0.605 3.843422324709719
0.606 3.8443569691226296
0.607 3.8452905975595364
0.608 3.84622319138212
0.609 3.8471547319520636
0.61 3.8480852006310506
0.611 3.849014578780764
0.612 3.849942847762886
0.613 3.8508699889390985
0.614 3.851795983671086
0.615 3.852720813320532
0.616 3.8536444592491166
0.617 3.854566902818525
0.618 3.8554881253904383
0.619 3.856408109499786
0.62 3.8573268653151214
0.621 3.858244431004061
0.622 3.8591608459805498
0.623 3.8600761496585414
0.624 3.860990381451981
0.625 3.861903580774819
0.626 3.862815787041006
0.627 3.86372703966449
0.628 3.864637378059218
0.629 3.8655468416391408
0.63 3.8664554698182094
0.631 3.8673633020103697
0.632 3.8682703776295733
0.633 3.869176736089767
0.634 3.8700824168049013
0.635 3.870987459188925
0.636 3.8718919026557868
0.637 3.8727957866194362
0.638 3.873699150493822
0.639 3.874602033692894
0.64 3.8755044756306005
0.641 3.8764065157208902
0.642 3.877308193377713
0.643 3.8782095480150183
0.644 3.8791106190467537
0.645 3.8800114458868693
0.646 3.8809120679493136
0.647 3.8818125246480366
0.648 3.8827128553969867
0.649 3.8836130996101126
0.65 3.8845132967013645
0.651 3.8854134860846905
0.652 3.886313705763111
0.653 3.8872139877074146
0.654 3.8881143622766103
0.655 3.8890148598296905
0.656 3.889915510725647
0.657 3.890816345323471
0.658 3.891717393982157
0.659 3.892618687060695
0.66 3.8935202549180783
0.661 3.8944221279132987
0.662 3.895324336405348
0.663 3.896226910753218
0.664 3.897129881315903
0.665 3.898033278452393
0.666 3.898937132521681
0.667 3.8998414738827587
0.668 3.900746332894619
0.669 3.9016517399162542
0.67 3.9025577253066555
0.671 3.903464319424815
0.672 3.9043715526297254
0.673 3.9052794552803785
0.674 3.906188057735767
0.675 3.907097390354884
0.676 3.9080074834967187
0.677 3.908918367520266
0.678 3.9098300727845166
0.679 3.9107426296484626
0.68 3.9116560684710966
0.681 3.9125704196114115
0.682 3.913485713428399
0.683 3.914401980281051
0.684 3.9153192514616726
0.685 3.9162375930139555
0.686 3.91715711525852
0.687 3.918077931389521
0.688 3.919000154601113
0.689 3.919923898087452
0.69 3.9208492750426918
0.691 3.9217763986609895
0.692 3.922705382136497
0.693 3.923636338663372
0.694 3.9245693814357683
0.695 3.925504623647841
0.696 3.926442178493746
0.697 3.9273821591676383
0.698 3.928324678863671
0.699 3.9292698507760004
0.7 3.930217788098782
0.701 3.931168604026171
0.702 3.932122411752321
0.703 3.933079324471388
0.704 3.9340394553775284
0.705 3.935002917664894
0.706 3.9359698245276427
0.707 3.936940289159928
0.708 3.937914424755906
0.709 3.93889234450973
0.71 3.9398741616155566
0.711 3.9408599892675404
0.712 3.941849940659838
0.713 3.942844128986601
0.714 3.9438426674419866
0.715 3.94484566922015
0.716 3.945853232546952
0.717 3.9468652926670895
0.718 3.9478816846851097
0.719 3.948902242247826
0.72 3.9499267990020512
0.721 3.9509551885945986
0.722 3.95198724467228
0.723 3.9530228008819104
0.724 3.9540616908703026
0.725 3.9551037482842695
0.726 3.956148806770622
0.727 3.9571966999761767
0.728 3.958247261547745
0.729 3.959300325132139
0.73 3.9603557243761727
0.731 3.96141329292666
0.732 3.9624728644304126
0.733 3.9635342725342446
0.734 3.9645973508849686
0.735 3.9656619331293976
0.736 3.966727852914344
0.737 3.967794943886623
0.738 3.968863039693046
0.739 3.969931973980427
0.74 3.9710015803955767
0.741 3.9720716925853115
0.742 3.9731421441964425
0.743 3.974212768875783
0.744 3.975283400270147
0.745 3.9763538720263467
0.746 3.9774240731757056
0.747 3.978494563772504
0.748 3.9795663500537386
0.749 3.9806404463121052
0.75 3.981717866840299
0.751 3.9827996259310146
0.752 3.9838867378769467
0.753 3.9849802169707926
0.754 3.9860810775052444
0.755 3.9871903337730012
0.756 3.9883090000667547
0.757 3.989438090679202
0.758 3.9905786199030393
0.759 3.991731602030959
0.76 3.9928980513556582
0.761 3.994078982169833
0.762 3.9952754087661764
0.763 3.9964883454373856
0.764 3.997718806476156
0.765 3.9989678061751803
0.766 4.000236358827156
0.767 4.001525478724778
0.768 4.002836180160741
0.769 4.00416947742774
0.77 4.005526384818472
0.771 4.0069079166256305
0.772 4.008315087141912
0.773 4.00974891066001
0.774 4.011210177710896
0.775 4.012697963960462
0.776 4.0142105518791
0.777 4.01574621963753
0.778 4.017303245406466
0.779 4.0188799073566255
0.78 4.020474483658722
0.781 4.022085252483474
0.782 4.023710492001596
0.783 4.025348480383806
0.784 4.026997495800818
0.785 4.028655816423348
0.786 4.030321720422114
0.787 4.0319934859678295
0.788 4.033669391231212
0.789 4.0353477143829775
0.79 4.0370267335938435
0.791 4.038704727034523
0.792 4.040379972875735
0.793 4.042050749288193
0.794 4.0437153344426155
0.795 4.045372006509716
0.796 4.047019043660212
0.797 4.048654892940754
0.798 4.05027881149366
0.799 4.05189029907922
0.8 4.053488855502666
0.801 4.0550739805692295
0.802 4.056645174084146
0.803 4.058201935852647
0.804 4.059743765679967
0.805 4.061270163371337
0.806 4.062780628731994
0.807 4.064274661567168
0.808 4.065751761682094
0.809 4.067211428882004
0.81 4.068653162972131
0.811 4.070076463757711
0.812 4.0714808310439725
0.813 4.072865764636152
0.814 4.074230764339481
0.815 4.075575329959196
0.816 4.076898961300525
0.817 4.078201158168706
0.818 4.079481420368969
0.819 4.08073924770655
0.82 4.081974139986679
0.821 4.0831856272859115
0.822 4.084373680633161
0.823 4.085538604470629
0.824 4.0866807114757355
0.825 4.087800314325899
0.826 4.088897725698539
0.827 4.0899732582710735
0.828 4.091027224720922
0.829 4.092059937725503
0.83 4.0930717099622385
0.831 4.094062854108544
0.832 4.09503368284184
0.833 4.095984508839545
0.834 4.096915644779078
0.835 4.09782740333786
0.836 4.098720097193307
0.837 4.099594039022841
0.838 4.1004495415038775
0.839 4.101286917313837
0.84 4.102106479130142
0.841 4.102908539630207
0.842 4.103693411491452
0.843 4.104461407391298
0.844 4.105212840007162
0.845 4.105948022016465
0.846 4.106667266096623
0.847 4.107370884925057
0.848 4.108059191179186
0.849 4.1087324975364306
0.85 4.109391116674207
0.851 4.110035361269934
0.852 4.110665544001034
0.853 4.111281977544923
0.854 4.111884974579022
0.855 4.112474855788141
0.856 4.113052030534586
0.857 4.113616963365893
0.858 4.114170119662466
0.859 4.1147119648047115
0.86 4.115242964173034
0.861 4.115763583147839
0.862 4.116274287109532
0.863 4.116775541438517
0.864 4.117267811515201
0.865 4.117751562719988
0.866 4.118227260433284
0.867 4.118695370035495
0.868 4.119156356907024
0.869 4.119610686428278
0.87 4.120058823979663
0.871 4.120501234941583
0.872 4.120938384694443
0.873 4.121370738618649
0.874 4.121798762094605
0.875 4.122222920502718
0.876 4.122643679223391
0.877 4.1230615036370315
0.878 4.123476859124045
0.879 4.123890211064836
0.88 4.124302024839809
0.881 4.124712765829369
0.882 4.125122899413923
0.883 4.125532890973875
0.884 4.125943205889629
0.885 4.126354309541595
0.886 4.126766667310173
0.887 4.12718074457577
0.888 4.1275970067187915
0.889 4.128015919119645
0.89 4.128437947158732
0.891 4.12886355621646
0.892 4.129293211673234
0.893 4.129727378909458
0.894 4.130166523305539
0.895 4.13061111023742
0.896 4.131061530363557
0.897 4.131517909745508
0.898 4.131980315901076
0.899 4.1324488163480755
0.9 4.132923478604311
0.901 4.133404370187592
0.902 4.133891558615726
0.903 4.134385111406523
0.904 4.134885096077791
0.905 4.1353915801473375
0.906 4.135904631132972
0.907 4.136424316552501
0.908 4.136950703923736
0.909 4.1374838607644815
0.91 4.138023854592549
0.911 4.138570752925745
0.912 4.13912462328188
0.913 4.139685533178761
0.914 4.1402535501341955
0.915 4.1408287416659935
0.916 4.141411175291963
0.917 4.142000918529911
0.918 4.142598038897648
0.919 4.143202603912982
0.92 4.143814681093719
0.921 4.14443433795767
0.922 4.145061642022643
0.923 4.145696660806445
0.924 4.146339461826887
0.925 4.146990112601776
0.926 4.147648680648917
0.927 4.148315233486124
0.928 4.148989838631202
0.929 4.1496725636019605
0.93 4.150363475916207
0.931 4.151062643091753
0.932 4.151770132646402
0.933 4.152486019917745
0.934 4.1532106384174945
0.935 4.153944632701059
0.936 4.154688665832714
0.937 4.155443400876737
0.938 4.156209500897408
0.939 4.1569876289589995
0.94 4.157778448125789
0.941 4.158582621462057
0.942 4.159400812032077
0.943 4.160233682900127
0.944 4.161081897130483
0.945 4.161946117787423
0.946 4.162827007935223
0.947 4.163725230638161
0.948 4.164641448960515
0.949 4.165576325966558
0.95 4.166530524720569
0.951 4.167504708286826
0.952 4.168499539729605
0.953 4.169515682113182
0.954 4.170553798501834
0.955 4.17161455195984
0.956 4.172698605551474
0.957 4.173806622341016
0.958 4.17493926539274
0.959 4.176097197770924
0.96 4.177281082539846
0.961 4.1784915827637805
0.962 4.1797293615070075
0.963 4.180995081833801
0.964 4.182289406808438
0.965 4.183612999495199
0.966 4.184966522958357
0.967 4.186350640262191
0.968 4.187766014470975
0.969 4.18921330864899
0.97 4.1906931858605105
0.971 4.192206309169814
0.972 4.193753341641177
0.973 4.195334946338875
0.974 4.196951786327188
0.975 4.198604524670392
0.976 4.200293824432762
0.977 4.202020348678577
0.978 4.203784760472112
0.979 4.205587722877645
0.98 4.207429898959453
0.981 4.209311951781813
0.982 4.2112345444090025
0.983 4.213198339905295
0.984 4.215204001334972
0.985 4.217252191762308
0.986 4.21934357425158
0.987 4.221478811867064
0.988 4.22365856767304
0.989 4.225883504733781
0.99 4.228154286113567
0.991 4.230471574876671
0.992 4.232836034087375
0.993 4.235248326809952
0.994 4.2377091161086815
0.995 4.240219065047838
0.996 4.242778836691702
0.997 4.245389094104544
0.998 4.248050500350649
0.999 4.250763718494288
1.0 4.253529411599739
