0.0 2.521320471
0.001 2.5243497348875485
0.002 2.527378998775097
0.003 2.5304082626626454
0.004 2.665427050664856
0.005 2.7509941988176894
0.006 2.807567359671765
0.007 2.8508001992267156
0.008 2.886316889517236
0.009000000000000001 2.916438065465068
0.01 2.942481940680038
0.011 2.9654343783375556
0.012 2.9859670446548927
0.013000000000000001 3.0045180377210428
0.014 3.0214536493125865
0.015 3.0370865365317856
0.016 3.051672371327977
0.017 3.06520336174447
0.018000000000000002 3.0779738979749323
0.019 3.0900249307896313
0.02 3.101387867553889
0.021 3.1122016664171146
0.022 3.1225154632564975
0.023 3.132379462070828
0.024 3.1418413369339127
0.025 3.150942325135019
0.026000000000000002 3.1597179773645085
0.027 3.1681990824491906
0.028 3.176412445632612
0.029 3.1843815217666687
0.03 3.1921269227423528
0.031 3.199666841310947
0.032 3.206981292333441
0.033 3.2141068689313257
0.034 3.2210691539670404
0.035 3.2278800024891234
0.036000000000000004 3.234550053266688
0.037 3.241031125329911
0.038 3.247386376818762
0.039 3.2536269273201484
0.04 3.2597476333900226
0.041 3.2657087344678346
0.042 3.2715730519278585
0.043000000000000003 3.277346200136625
0.044 3.2829656421707556
0.045 3.28849485099386
0.046 3.2939474794902694
0.047 3.299254930541205
0.048 3.3044857772547322
0.049 3.3096433769017057
0.05 3.314664644106317
0.051000000000000004 3.3196301183647137
0.052000000000000005 3.324499502476404
0.053 3.3292741965611383
0.054 3.334003881025586
0.055 3.338596471842259
0.056 3.3431478854169177
0.057 3.347601517441397
0.058 3.3519783836259283
0.059000000000000004 3.356292406620616
0.06 3.360499407425571
0.061 3.364673535058942
0.062 3.3687159073345754
0.063 3.372739200914672
0.064 3.376625152786972
0.065 3.3804856481695955
0.066 3.384209771176464
0.067 3.387901100903958
0.068 3.3914514681122636
0.069 3.394972776422237
0.07 3.3983397060444083
0.07100000000000001 3.4016953806927135
0.07200000000000001 3.4048713700508166
0.073 3.40804735940892
0.074 3.4110499143346353
0.075 3.414029576087259
0.076 3.416884322780415
0.077 3.4196643051014277
0.078 3.422380591386878
0.079 3.424933429394297
0.08 3.427486267401715
0.081 3.429967575934452
0.082 3.43220329060246
0.083 3.434276661254533
0.084 3.43620229796809
0.085 3.4379804096491795
0.08600000000000001 3.4396339910629017
0.08700000000000001 3.441174015087617
0.088 3.4425951896443685
0.089 3.4439230011844764
0.09 3.4451502179464395
0.091 3.446296481425607
0.092 3.4473562921395082
0.093 3.4483485702002037
0.094 3.4492639944983394
0.095 3.4501215158660394
0.096 3.4509179200886004
0.097 3.45166055475893
0.098 3.4523573450454523
0.099 3.453003512735345
0.1 3.453611543391998
0.101 3.4541839695688488
0.10200000000000001 3.4547196174776054
0.10300000000000001 3.455227511950005
0.10400000000000001 3.4557105955690814
0.105 3.456168318071679
0.106 3.456607791428728
0.107 3.457031969179583
0.108 3.457442763212648
0.109 3.45784368343976
0.11 3.4582385073850643
0.111 3.4586300017647766
0.112 3.459021236093996
0.113 3.4594155049106705
0.114 3.4598156222492085
0.115 3.460224432718262
0.116 3.460646206450239
0.117 3.46108245642929
0.11800000000000001 3.461532322995524
0.11900000000000001 3.461995474126359
0.12 3.4624722430327184
0.121 3.462962881100725
0.122 3.4634656733821334
0.123 3.4639802595835896
0.124 3.4645065224306033
0.125 3.465045347089232
0.126 3.4655947580255453
0.127 3.4661543740679113
0.128 3.466724055961263
0.129 3.467304469851301
0.13 3.4678938210595005
0.131 3.4684917129603097
0.132 3.4690983588610496
0.133 3.4697134478112
0.134 3.470335768396613
0.135 3.470964932932546
0.136 3.471601653892576
0.137 3.472244279564767
0.138 3.4728924059243163
0.139 3.4735464409146415
0.14 3.474205180743548
0.14100000000000001 3.47486796430992
0.14200000000000002 3.47553463707056
0.14300000000000002 3.476203715073945
0.14400000000000002 3.4768745241466763
0.145 3.477546265155008
0.146 3.4782180240371283
0.147 3.4788888478525255
0.148 3.479558059115361
0.149 3.480224598020168
0.15 3.4808877752382568
0.151 3.4815466193906803
0.152 3.4822003864331026
0.153 3.4828489646167125
0.154 3.483496964964489
0.155 3.4841449653122654
0.156 3.4848064093242863
0.157 3.485471852462258
0.158 3.4861525714569983
0.159 3.4868364924309274
0.16 3.487532924005047
0.161 3.4882353092788874
0.162 3.488946810382171
0.163 3.4896672807651576
0.164 3.4903935635365517
0.165 3.4911317332170957
0.166 3.4918730098721595
0.167 3.492627985145099
0.168 3.4933864646788777
0.169 3.494155344093541
0.17 3.494930623540718
0.171 3.495713109797278
0.17200000000000001 3.496504780405765
0.17300000000000001 3.49730057284333
0.17400000000000002 3.4981082189126216
0.17500000000000002 3.498918721851544
0.176 3.4997402146433725
0.177 3.500566152494185
0.178 3.501400033933158
0.179 3.502240975382128
0.18 3.5030869353726297
0.181 3.5039424439067894
0.182 3.5048006269849608
0.183 3.5056698013842613
0.184 3.506541977791262
0.185 3.5074222845086904
0.186 3.5083080035893337
0.187 3.509199121821522
0.188 3.510097953554781
0.189 3.5109995981975928
0.19 3.511911221497959
0.191 3.512825230029606
0.192 3.5137473468028677
0.193 3.5146738086523013
0.194 3.51560588318015
0.195 3.5165445353456506
0.196 3.517486380606109
0.197 3.5184369559427986
0.198 3.5193897939571017
0.199 3.520350611898904
0.2 3.5213150234172623
0.201 3.5222850417158464
0.202 3.5232607525482718
0.203 3.5242397782344375
0.20400000000000001 3.525226511750086
0.20500000000000002 3.5262153696284604
0.20600000000000002 3.5272118282485527
0.20700000000000002 3.528211343279964
0.20800000000000002 3.529216224318197
0.209 3.530226112986971
0.21 3.5312392200447715
0.211 3.5322591960013643
0.212 3.5332811426652033
0.213 3.534310104705037
0.214 3.5353417591235363
0.215 3.5363783481903663
0.216 3.5374194171356983
0.217 3.5384634318011536
0.218 3.5395136196853687
0.219 3.5405656096430977
0.22 3.5416238674350153
0.221 3.54268444079997
0.222 3.543749116228223
0.223 3.544816574956843
0.224 3.5458857726354274
0.225 3.5469570205879553
0.226 3.5480285959880056
0.227 3.5491003326870674
0.228 3.5501713101458248
0.229 3.5512410599549837
0.23 3.552308161053468
0.231 3.5533737541771107
0.232 3.554433710258566
0.233 3.5554917553953724
0.234 3.5565425418209884
0.23500000000000001 3.557589121062531
0.23600000000000002 3.558629272086541
0.23700000000000002 3.559661184511557
0.23800000000000002 3.560688559899321
0.23900000000000002 3.561702645888259
0.24 3.562712801817733
0.241 3.563708267329346
0.242 3.5646965145918386
0.243 3.5656728855702036
0.244 3.566636207789312
0.245 3.5675914232946067
0.246 3.5685268704539057
0.247 3.5694568322400473
0.248 3.5703646185037288
0.249 3.571265376005929
0.25 3.5721508386777656
0.251 3.5730255466776573
0.252 3.5738911570016683
0.253 3.5747434260921254
0.254 3.575591626457943
0.255 3.5764249979303675
0.256 3.5772555579380745
0.257 3.5780761580718567
0.258 3.5788923636916548
0.259 3.579702728482034
0.26 3.5805079882534785
0.261 3.5813104698674136
0.262 3.582108158120804
0.263 3.582904836471504
0.264 3.5836985598391005
0.265 3.584492019490689
0.266 3.585284852362049
0.267 3.5860784158878523
0.268 3.5868726794849066
0.269 3.587669665175995
0.27 3.588467685349293
0.271 3.589271414998259
0.272 3.5900767963907043
0.273 3.5908893287109813
0.274 3.5917057901329463
0.275 3.592529101408573
0.276 3.593360012079017
0.277 3.5941964713240164
0.278 3.5950452351290667
0.279 3.595897358633771
0.28 3.596767140837492
0.281 3.597640877800672
0.28200000000000003 3.598528267389074
0.28300000000000003 3.5994225290950057
0.28400000000000003 3.600325321872767
0.28500000000000003 3.6012369420476267
0.28600000000000003 3.6021528694061526
0.28700000000000003 3.603078593120725
0.28800000000000003 3.604006547816371
0.289 3.604941916396294
0.29 3.6058796424951485
0.291 3.6068213190711944
0.292 3.6077654741126697
0.293 3.608711184262036
0.294 3.609658409453267
0.295 3.610605833978827
0.296 3.6115528120271403
0.297 3.612498823324137
0.298 3.6134430472756627
0.299 3.614384269581526
0.3 3.615323487820224
0.301 3.6162565544204255
0.302 3.617187594673648
0.303 3.6181100849130474
0.304 3.6190285120134478
0.305 3.6199392950778044
0.306 3.620841796874985
0.307 3.6217386573271733
0.308 3.622621955296581
0.309 3.6235011339149277
0.31 3.6243635411794637
0.311 3.6252192655269826
0.312 3.626061164049901
0.313 3.6268902784326666
0.314 3.627709496609152
0.315 3.628508902375686
0.316 3.6293025419535163
0.317 3.630069943194967
0.318 3.630829992312889
0.319 3.6315682902952067
0.32 3.6322918343240604
0.321 3.632998924048741
0.322 3.633683125707879
0.323 3.6343569283973602
0.324 3.6349990323701222
0.325 3.6356337352608303
0.326 3.6362348315653805
0.327 3.636824180423528
0.328 3.637385924567249
0.329 3.6379273988464873
0.33 3.6384478436002636
0.331 3.63893113342382
0.332 3.639396743022492
0.333 3.6398623526211638
0.334 3.6403279622198355
0.335 3.6407882444319086
0.336 3.6412459696422257
0.337 3.64170461410902
0.338 3.642164205174534
0.339 3.642624392600599
0.34 3.6430859069507178
0.341 3.643547675009128
0.342 3.6440111730515214
0.343 3.644474671093915
0.34400000000000003 3.64494010021424
0.34500000000000003 3.645405639239449
0.34600000000000003 3.6458727855880277
0.34700000000000003 3.646340426120826
0.34800000000000003 3.6468093272940716
0.34900000000000003 3.6472791265243076
0.35000000000000003 3.6477498212384245
0.35100000000000003 3.6482218393526344
0.352 3.6486943667890466
0.353 3.6491686624454336
0.354 3.6496430612534705
0.355 3.650119693194728
0.356 3.6505963251359854
0.357 3.651075029363721
0.358 3.6515540565909834
0.359 3.652034769233524
0.36 3.6525162510551032
0.361 3.652999011293418
0.362 3.6534830066404247
0.363 3.653967853797423
0.364 3.6544544218734356
0.365 3.6549413955879806
0.366 3.655430596364089
0.367 3.655919797140198
0.368 3.6564116280435015
0.369 3.656903519272131
0.37 3.6573976153541947
0.371 3.6578922571450545
0.372 3.6583886581768983
0.373 3.6588861095656915
0.374 3.6593848558553748
0.375 3.6598851768687837
0.376 3.6603863086193966
0.377 3.660889557750416
0.378 3.661393114831371
0.379 3.661899351795038
0.38 3.662405588758705
0.381 3.6629146594555766
0.382 3.6634239440504444
0.383 3.663935580723387
0.384 3.6644479718892202
0.385 3.664962215800634
0.386 3.665477773955483
0.387 3.665994665772979
0.388 3.6665134493240825
0.389 3.667033029930295
0.39 3.6675550996832285
0.391 3.6680774109790275
0.392 3.6686028262010146
0.393 3.6691282414230018
0.394 3.669656729762956
0.395 3.6701855502640504
0.396 3.670716908117697
0.397 3.6712491886890364
0.398 3.6717834322302636
0.399 3.6723191882779394
0.4 3.672856321511174
0.401 3.6733955473529307
0.402 3.6739355686909936
0.403 3.6744782588757885
0.404 3.675021166801043
0.405 3.675567315654073
0.406 3.6761134645071034
0.40700000000000003 3.6766627107109686
0.40800000000000003 3.6772123129638072
0.40900000000000003 3.677764436860035
0.41000000000000003 3.6783174865570563
0.41100000000000003 3.6788724863609716
0.41200000000000003 3.6794289777369005
0.41300000000000003 3.6799868517367638
0.41400000000000003 3.6805467792105673
0.41500000000000004 3.681107525680396
0.41600000000000004 3.6816708835040433
0.417 3.6822345005866
0.418 3.6828012824165444
0.419 3.6833680642464888
0.42 3.6839379678181734
0.421 3.6845081678093847
0.422 3.6850809322200506
0.423 3.6856545449030342
0.424 3.686230167659674
0.425 3.6868071862196232
0.426 3.687385665246424
0.427 3.6879660841631847
0.428 3.688547417370506
0.429 3.689131229977011
0.43 3.6897154148493034
0.431 3.690302615108689
0.432 3.6908898153680743
0.433 3.691480231491457
0.434 3.6920708135282196
0.435 3.6926640703054305
0.436 3.693258027183305
0.437 3.6938541238158416
0.438 3.6944514518301115
0.439 3.695050434780366
0.44 3.6956512289485524
0.441 3.6962532121387723
0.442 3.6968577134974447
0.443 3.697462866591855
0.444 3.6980713278237736
0.445 3.6986798271194066
0.446 3.699292500803187
0.447 3.6999051744869678
0.448 3.7005216626287987
0.449 3.701138802294931
0.45 3.7017592456389457
0.451 3.702381105869947
0.452 3.703005683580501
0.453 3.703632518456736
0.454 3.704261411247753
0.455 3.704893477277283
0.456 3.705526867043638
0.457 3.706164419655829
0.458 3.706802488819606
0.459 3.7074457864473778
0.46 3.7080890840751497
0.461 3.7087380198356423
0.462 3.709387319557094
0.463 3.7100415647032747
0.464 3.7106971272703455
0.465 3.7113568690541614
0.466 3.7120189535052313
0.467 3.7126843815206434
0.468 3.713353250017273
0.46900000000000003 3.714024555882722
0.47000000000000003 3.714700471751284
0.47100000000000003 3.715377848459714
0.47200000000000003 3.7160610746683
0.47300000000000003 3.7167447162386473
0.47400000000000003 3.7174355185851584
0.47500000000000003 3.7181263209316695
0.47600000000000003 3.718824266648631
0.47700000000000004 3.7195229113034807
0.47800000000000004 3.7202277856358235
0.47900000000000004 3.7209345415647475
0.48 3.7216465462786927
0.481 3.722361682524197
0.482 3.723081021804489
0.483 3.7238048096164174
0.484 3.7245316899189422
0.485 3.7252644016374803
0.486 3.725999031957234
0.487 3.726740942952795
0.488 3.7274835353728926
0.489 3.7282349204669853
0.49 3.728986305561078
0.491 3.72974682678389
0.492 3.730507965498674
0.493 3.7312771590504017
0.494 3.732048329732305
0.495 3.732826417269483
0.496 3.7336079013948913
0.497 3.734395108255848
0.498 3.7351871901378066
0.499 3.7359837446316586
0.5 3.7367867093370544
0.501 3.737592842712068
0.502 3.7384069770937516
0.503 3.73922292432122
0.504 3.7400485188468093
0.505 3.740874519494952
0.506 3.741711864911826
0.507 3.7425492103287
0.508 3.7433975505849437
0.509 3.744246940032864
0.51 3.7451061189501718
0.511 3.7459678493928226
0.512 3.746838119995293
0.513 3.747712488820941
0.514 3.7485941088023305
0.515 3.749481416208497
0.516 3.7503746481893723
0.517 3.751275196851121
0.518 3.7521802515403455
0.519 3.7530941774356306
0.52 3.754010985075417
0.521 3.754937506062907
0.522 3.755865444058284
0.523 3.7568034612276904
0.524 3.7577416860158896
0.525 3.7586900929562606
0.526 3.7596384998966315
0.527 3.7605954280360603
0.528 3.761553110134542
0.529 3.7625174724767847
0.53 3.7634833094185676
0.531 3.764454215925517
0.532 3.765427083286758
0.533 3.7664036334453495
0.534 3.767382401127418
0.535 3.7683636860238687
0.536 3.769347220083178
0.537 3.770332324800535
0.538 3.771319489247203
0.539 3.7723074941110006
0.54 3.773297149080982
0.541 3.774287130627752
0.542 3.7752781337682775
0.543 3.776269167371982
0.544 3.7772603781291796
0.545 3.7782515414879985
0.546 3.779241816313708
0.547 3.7802320911394176
0.548 3.781219192604371
0.549 3.7822061400586087
0.55 3.783193087512846
0.551 3.7841781140473136
0.552 3.7851600946375026
0.553 3.786139218654892
0.554 3.7871167209922514
0.555 3.7880925395337046
0.556 3.7890654465357567
0.557 3.7900368099906157
0.558 3.7910066349850546
0.559 3.7919737180298188
0.56 3.792939232198107
0.561 3.7939032847279774
0.562 3.7948648790760915
0.5630000000000001 3.7958248324027943
0.5640000000000001 3.796783400936523
0.5650000000000001 3.797739774537975
0.5660000000000001 3.7986944521547956
0.5670000000000001 3.799647820839191
0.5680000000000001 3.8005992415883454
0.5690000000000001 3.801548928914041
0.5700000000000001 3.80249738213241
0.5710000000000001 3.803444114512157
0.5720000000000001 3.804389094398897
0.5730000000000001 3.8053329152524014
0.5740000000000001 3.806275226400462
0.5750000000000001 3.8072157806357567
0.5760000000000001 3.808155249474505
0.577 3.809093402581491
0.578 3.810029810976171
0.579 3.8109652080134584
0.58 3.811899468896458
0.581 3.812832010426908
0.582 3.813763613792144
0.583 3.8146942451666668
0.584 3.815623197341728
0.585 3.8165512842259517
0.586 3.817478509247381
0.587 3.8184041880704838
0.588 3.819329035019039
0.589 3.820253092334803
0.59 3.821175792550997
0.591 3.822097632031079
0.592 3.823018711615185
0.593 3.8239384924499316
0.594 3.8248573239339647
0.595 3.8257753755836226
0.596 3.8266921609746416
0.597 3.827607906892199
0.598 3.828522853525933
0.599 3.8294365695321333
0.6 3.830349153614068
0.601 3.831260918655637
0.602 3.832171490130375
0.603 3.833080835564093
0.604 3.8339893426336635
0.605 3.834896695871032
0.606 3.835802726254799
0.607 3.836707899057651
0.608 3.8376119597587133
0.609 3.8385146003637707
0.61 3.8394163637186773
0.611 3.840317056378376
0.612 3.841216231090983
0.613 3.8421145094771045
0.614 3.843011760695859
0.615 3.8439073943074793
0.616 3.8448021125318417
0.617 3.845695848306625
0.618 3.8465878664172326
0.619 3.8474789498931727
0.62 3.848369096286378
0.621 3.8492574235694903
0.622 3.850144797615822
0.623 3.8510312182883855
0.624 3.851915843296057
0.625 3.8527994334588156
0.626 3.8536820518151247
0.627 3.8545629035387625
0.628 3.8554426369711576
0.629 3.8563213806457197
0.63 3.857198386032955
0.631 3.8580741877796307
0.632 3.8589489883791503
0.633 3.8598221297057007
0.634 3.860694125808373
0.635 3.86156523970739
0.636 3.8624350188303476
0.637 3.863303824323386
0.638 3.8641719237325045
0.639 3.8650390014515743
0.64 3.865905298865167
0.641 3.866771066424642
0.642 3.867636106640455
0.643 3.8685005780369
0.644 3.8693646944274502
0.645 3.8702283574426044
0.646 3.8710916820318824
0.647 3.871954826375108
0.648 3.872817772731256
0.649 3.8736806307149387
0.65 3.8745434825674447
0.651 3.87540637086425
0.652 3.8762694404643727
0.653 3.877132678559638
0.654 3.8779961693557756
0.655 3.878860129531355
0.656 3.8797244330624627
0.657 3.8805891866861977
0.658 3.881454717378721
0.659 3.8823207662945363
0.66 3.8831874423892883
0.661 3.884055224140114
0.662 3.884923699879534
0.663 3.8857929600436636
0.664 3.886663675681443
0.665 3.8875352617680536
0.666 3.8884077683511324
0.667 3.889282102199338
0.668 3.8901574841912767
0.669 3.8910339203177133
0.67 3.891912541529978
0.671 3.8927924081319225
0.672 3.893673507184763
0.673 3.8945570369845552
0.674 3.895442080493131
0.675 3.896328536739247
0.676 3.897217642397605
0.677 3.8981085591197813
0.678 3.8990010709931813
0.679 3.8998964223113926
0.68 3.9007939124084396
0.681 3.901693182058623
0.682 3.902595454217749
0.683 3.903500224003482
0.684 3.904406958704652
0.685 3.9053168260870863
0.686 3.906229586742539
0.687 3.907144500689051
0.6880000000000001 3.9080626429436185
0.6890000000000001 3.9089841124761437
0.6900000000000001 3.9099079258226377
0.6910000000000001 3.910835024392441
0.6920000000000001 3.9117659275281964
0.6930000000000001 3.9126993677605135
0.6940000000000001 3.913636108048193
0.6950000000000001 3.9145771770320428
0.6960000000000001 3.9155209793278285
0.6970000000000001 3.9164680511615284
0.6980000000000001 3.9174206319916696
0.6990000000000001 3.918373801551136
0.7000000000000001 3.9193265099337715
0.7010000000000001 3.920277838371404
0.7020000000000001 3.921227472738709
0.7030000000000001 3.9221756629716467
0.704 3.92312265708988
0.705 3.924068702770623
0.706 3.9250140477439674
0.707 3.9259589353959368
0.708 3.9269036123091854
0.709 3.927848320502289
0.71 3.928793304134058
0.711 3.9297388029598226
0.712 3.9306851160597263
0.713 3.9316324857938794
0.714 3.9325811422613293
0.715 3.933531327652776
0.716 3.9344832858268672
0.717 3.9354372569369205
0.718 3.9363934837938843
0.719 3.937352207875676
0.72 3.938313669745226
0.721 3.939278111319542
0.722 3.9402457737012972
0.723 3.9412168996311534
0.724 3.942191914558687
0.725 3.9431712239500616
0.726 3.9441548076434256
0.727 3.945142913353973
0.728 3.946135788549261
0.729 3.9471336830692487
0.73 3.948136848403351
0.731 3.9491455374857822
0.732 3.950160005198699
0.733 3.95118050742411
0.734 3.952207831005298
0.735 3.9532421538866096
0.736 3.954283386851859
0.737 3.9553317015965286
0.738 3.9563868669745217
0.739 3.957448424062645
0.74 3.958515847123202
0.741 3.9595886077740468
0.742 3.960666173337279
0.743 3.9617481637948675
0.744 3.962834114395621
0.745 3.9639230729189237
0.746 3.965014493974073
0.747 3.966107830825453
0.748 3.967202536466153
0.749 3.968298063483725
0.75 3.9693938651203373
0.751 3.97048939740301
0.752 3.9715840462324414
0.753 3.9726770694223603
0.754 3.9737680128132844
0.755 3.974856340207676
0.756 3.9759415207088518
0.757 3.9770230269061004
0.758 3.9781003360846134
0.759 3.9791729312003623
0.76 3.9802402993411103
0.761 3.981301372227882
0.762 3.9823556715480164
0.763 3.9834030707430292
0.764 3.9844430862239966
0.765 3.9854752414968284
0.766 3.9864991411374064
0.767 3.9875148940729406
0.768 3.988523501192749
0.769 3.9895264915736237
0.77 3.9905251276491582
0.771 3.9915216057630905
0.772 3.9925174756272885
0.773 3.9935142273233306
0.774 3.994513361478561
0.775 3.9955163893124683
0.776 3.996524837824662
0.777 3.997540256869784
0.778 3.998564220737696
0.779 3.9995983290246895
0.78 4.000644486367467
0.781 4.0017051515171715
0.782 4.002781183991217
0.783 4.003874318280098
0.784 4.004986343536852
0.785 4.0061191062444905
0.786 4.007274517232437
0.787 4.008454562169868
0.788 4.009661301756213
0.789 4.010896884320184
0.79 4.012163554802535
0.791 4.013463661056857
0.792 4.01479966513708
0.793 4.016174152147113
0.794 4.017589842984649
0.795 4.019049609473541
0.796 4.020556482909626
0.797 4.022113670259114
0.798 4.023724570541017
0.799 4.025392787955687
0.8 4.027122154564451
0.801 4.028916742699202
0.802 4.030780887865703
0.803 4.032719208124949
0.804 4.034744210227134
0.805 4.036856465411907
0.806 4.03906044138117
0.807 4.041316402482493
0.808 4.043572363583816
0.809 4.0457571825829834
0.81 4.047917798630157
0.811 4.050005095797593
0.812 4.052062624717082
0.8130000000000001 4.05407150411489
0.8140000000000001 4.0560323911157035
0.8150000000000001 4.057966278409253
0.8160000000000001 4.059836373931826
0.8170000000000001 4.0616898499579825
0.8180000000000001 4.063483079213556
0.8190000000000001 4.065253185588668
0.8200000000000001 4.066980331912315
0.8210000000000001 4.068671699706184
0.8220000000000001 4.070335343841812
0.8230000000000001 4.071952219452416
0.8240000000000001 4.0735547754547925
0.8250000000000001 4.0751010660581075
0.8260000000000001 4.076637071013857
0.8270000000000001 4.078124102350629
0.8280000000000001 4.079594448654593
0.8290000000000001 4.081026773172097
0.8300000000000001 4.082434654129174
0.8310000000000001 4.08381415032145
0.8320000000000001 4.085162527365396
0.833 4.086490965956607
0.834 4.087782587365438
0.835 4.0890616367523025
0.836 4.0902990605993805
0.837 4.091530300807247
0.838 4.092715910272056
0.839 4.093896828976399
0.84 4.095036855161577
0.841 4.096168919180911
0.842 4.097265389613244
0.843 4.098350610755442
0.844 4.099404803656282
0.845 4.1004450677613224
0.846 4.101458197721651
0.847 4.102455271652652
0.848 4.103428494795017
0.849 4.104384037935658
0.85 4.1053184599584895
0.851 4.106234031827575
0.852 4.107130705224671
0.853 4.108007771119986
0.854 4.108867703024296
0.855 4.109707643516257
0.856 4.110531799359759
0.857 4.111335913862898
0.858 4.112125215686347
0.859 4.112894732307314
0.86 4.113650072490664
0.861 4.114386216200995
0.862 4.115108561471966
0.863 4.115812589603831
0.864 4.116502974037992
0.865 4.117176133585599
0.866 4.1178355881855095
0.867 4.118479085680854
0.868 4.119108634541108
0.869 4.119723636216142
0.87 4.120324296737585
0.871 4.120911930662486
0.872 4.12148471464199
0.873 4.122046072414092
0.874 4.122591984603991
0.875 4.123128122954702
0.876 4.123648162753157
0.877 4.124160105964843
0.878 4.124655266106327
0.879 4.125144007528225
0.88 4.125615275616387
0.881 4.126081780190278
0.882 4.126530137404902
0.883 4.126975342945022
0.884 4.127401764327864
0.885 4.12782658366824
0.886 4.12823203920192
0.887 4.128637362972027
0.888 4.1290228149270005
0.889 4.129408266881973
0.89 4.129775918420508
0.891 4.130142325693812
0.892 4.130493151861933
0.893 4.130841464925228
0.894 4.131176292955051
0.895 4.131507457625064
0.896 4.13182710010853
0.897 4.1321420569147955
0.898 4.1324473122335394
0.899 4.132746994402174
0.9 4.133038649458268
0.901 4.133323984892735
0.902 4.133602817389856
0.903 4.13387472915123
0.904 4.13414150853849
0.905 4.134400912533982
0.906 4.134656401707682
0.907 4.134904209632711
0.908 4.135149181212235
0.909 4.135386350820337
0.91 4.135621810925286
0.911 4.135850347202307
0.912 4.136078125939965
0.913 4.136300986999619
0.914 4.136523649551981
0.915 4.136743809464633
0.916 4.136963974042491
0.917 4.137184389680873
0.918 4.137404805319255
0.919 4.13762831184682
0.92 4.137851920872537
0.921 4.1380811734008915
0.922 4.1383108994346
0.923 4.13854858977347
0.924 4.1387873413951235
0.925 4.139036196584281
0.926 4.139286870466617
0.927 4.1395496551409385
0.928 4.139815138067556
0.929 4.140094657156756
0.93 4.140377828228928
0.931 4.1406769269263375
0.932 4.140980655794454
0.933 4.1413022257226455
0.934 4.141629379060626
0.935 4.141976358422211
0.936 4.142329795589153
0.937 4.142705173858169
0.9380000000000001 4.1430877507454085
0.9390000000000001 4.143494572344472
0.9400000000000001 4.143909140037229
0.9410000000000001 4.144350508103477
0.9420000000000001 4.144799912512441
0.9430000000000001 4.145278993065454
0.9440000000000001 4.145766073381493
0.9450000000000001 4.146285961866413
0.9460000000000001 4.1468133789708705
0.9470000000000001 4.147376131960956
0.9480000000000001 4.147945284494851
0.9490000000000001 4.148552268589738
0.9500000000000001 4.149164039446832
0.9510000000000001 4.149816621408176
0.9520000000000001 4.150471954405819
0.9530000000000001 4.1511716176385125
0.9540000000000001 4.151874320002748
0.9550000000000001 4.152619873681378
0.9560000000000001 4.153371854855988
0.9570000000000001 4.154164209781045
0.9580000000000001 4.154967280004526
0.9590000000000001 4.1558076675021765
0.96 4.156663790468651
0.961 4.157553526184129
0.962 4.1584648331278995
0.963 4.159405324913507
0.964 4.160374130276795
0.965 4.161366882444735
0.966 4.162395700851142
0.967 4.163442323829868
0.968 4.164533892505796
0.969 4.165636112654303
0.97 4.166793412794103
0.971 4.167960266407651
0.972 4.169179364491326
0.973 4.170416626067527
0.974 4.171697286130185
0.975 4.173008686719321
0.976 4.174353203562598
0.977 4.175742837791168
0.978 4.1771536779814
0.979 4.178626048958506
0.98 4.180114259175615
0.981 4.181665944619892
0.982 4.1832442283188636
0.983 4.1848708783349675
0.984 4.186545051199026
0.985 4.18825002843576
0.986 4.190026553542533
0.987 4.191826693764225
0.988 4.1936995824199705
0.989 4.195613009528004
0.99 4.1975761432668035
0.991 4.199611493118601
0.992 4.201678409516671
0.993 4.203836559799402
0.994 4.20604047648904
0.995 4.208304313586568
0.996 4.210657125938604
0.997 4.213053776638549
0.998 4.215548039619549
0.999 4.21811514734409
1.0 4.220735443
